[6.853652872177202e-11, 6.600209533370216e-11, 6.804819974723397e-11, 4.779245528632123e-11, 5.461837767096804e-11, 4.817358589837099e-11, 4.761019915407732e-11, 5.399822243557136e-11, 4.848597170682133e-11, 4.6754345544862565e-11, 5.531555933405145e-11, 5.488435900972687e-11, 5.421119632328624e-11, 4.998164478940036e-11, 4.410079666166712e-11, 4.7551177160022924e-11, 6.647463664425831e-11]
[6.349000637670107e-11, 5.5794390523588774e-11, 4.9939991367356454e-11, 7.232627579924698e-11, 5.7770770951927284e-11, 5.921540943700549e-11, 5.4799718875407665e-11, 4.8599847015050895e-11, 7.057573536349774e-11, 5.7369659202543996e-11, 6.995245621821524e-11, 6.754406538505332e-11, 7.01046317448589e-11, 7.482815832924749e-11, 7.137976357345192e-11, 7.781525162831373e-11, 3.876648568439477e-11]
[5.24527792006856e-11, 4.848185913316235e-11, 4.403718905985691e-11, 5.4101166528976354e-11, 5.4179028433926194e-11, 5.226085780551793e-11, 5.5711173450107687e-11, 5.697439976699599e-11, 5.432126631723155e-11, 5.984560570743179e-11, 5.993535737155088e-11, 6.684321088595883e-11, 6.151233534186878e-11, 6.188680809214027e-11, 6.151374124544055e-11, 6.580741109991539e-11, 4.4900866191559705e-11]
[5.5360337921765475e-11, 6.159166239219836e-11, 6.479675981695491e-11, 6.2581153990979e-11, 6.168593076918177e-11, 5.337758702751027e-11, 5.98166103977937e-11, 7.172492579698083e-11, 6.148108191151351e-11, 7.136678488939655e-11, 6.635750228686114e-11, 6.400090472569257e-11, 7.293270201102322e-11, 7.245512136333117e-11, 6.998473893971562e-11, 7.085690102601169e-11, 5.710575905768309e-11]
[5.562300645014529e-11, 5.575001793040027e-11, 5.625244496671831e-11, 5.382728436499952e-11, 5.893161268996859e-11, 5.5385258283515307e-11, 5.067410123912795e-11, 4.53009950420912e-11, 4.535780709145502e-11, 4.876350465231408e-11, 5.236331157992565e-11, 6.359158873648445e-11, 5.885596059532376e-11, 5.452586697614725e-11, 6.382292585795138e-11, 6.457818423925381e-11, 5.630211586430754e-11]
[6.880594712675368e-11, 6.661422406885566e-11, 4.345862150587997e-11, 5.679073832724061e-11, 4.882231868243719e-11, 4.262916281243843e-11, 4.4560712670811504e-11, 6.423594526622028e-11, 6.309760032764186e-11, 5.7941525353888394e-11, 4.721683566045446e-11, 6.392935736835096e-11, 7.702697265030414e-11, 5.851427227773659e-11, 5.2782889746133015e-11, 5.127567347013592e-11, 5.20195505761976e-11]
[7.11714378894922e-11, 6.117403108446654e-11, 6.692468203852126e-11, 5.768044493327386e-11, 6.225136137038839e-11, 6.194655288194513e-11, 6.441737612728121e-11, 6.542243266474562e-11, 6.757041507427518e-11, 6.903078634369837e-11, 6.890896411600936e-11, 6.575234494257668e-11, 7.073066515562866e-11, 6.078831433250922e-11, 6.478403488293205e-11, 7.414864451529465e-11, 6.467746281648964e-11]
[6.499548412417241e-11, 6.411784044955311e-11, 6.133799692525942e-11, 6.305749072792113e-11, 6.469540729472992e-11, 6.138968461622577e-11, 5.826866207298743e-11, 5.73264003105634e-11, 6.243954774667024e-11, 5.7057912764168195e-11, 5.5848217894526315e-11, 7.106328898223285e-11, 6.260516819971594e-11, 6.396940134458083e-11, 5.873502432772748e-11, 6.24255211720347e-11, 5.046104059197763e-11]
[5.1508821721877686e-11, 4.4993945344754327e-11, 4.707935615659276e-11, 4.569018914382385e-11, 6.735431812059856e-11, 4.2378725165700853e-11, 4.006332412762515e-11, 4.87777520074647e-11, 4.282996748578679e-11, 7.123869273733618e-11, 5.271533095226835e-11, 7.113189273606045e-11, 6.380876814226892e-11, 5.597273798616445e-11, 5.941223774186384e-11, 6.518394176554145e-11, 5.603299352010985e-11]
[4.659793373405454e-11, 4.453272045891542e-11, 4.8120464174528764e-11, 5.072726944116991e-11, 4.7237416748328746e-11, 6.085650808040496e-11, 5.609939667580111e-11, 4.344091372381996e-11, 4.471757249872804e-11, 5.401133320566878e-11, 4.9932552506969584e-11, 4.552724687511646e-11, 4.812407196326244e-11, 4.793574551763164e-11, 6.161088005187663e-11, 5.172773654706068e-11, 4.857069420301047e-11]
[6.56958061921147e-11, 7.335737392789769e-11, 6.540714212321375e-11, 4.3593764852861355e-11, 6.573220134044791e-11, 6.109275660590491e-11, 4.728831624212825e-11, 4.4936653349759656e-11, 5.099565452125227e-11, 5.85454936766954e-11, 4.436052520032077e-11, 4.996207256744739e-11, 6.342923151735177e-11, 5.306637800067334e-11, 4.6618463493038814e-11, 6.497349952025171e-11, 5.6523230832326044e-11]
[4.672759410990023e-11, 5.0919796387146385e-11, 4.773352619687582e-11, 4.930251725560942e-11, 4.185767353825333e-11, 4.616535449732902e-11, 7.007809769099918e-11, 5.36925701713034e-11, 4.3759681987588326e-11, 4.955136539405903e-11, 6.577663447889946e-11, 5.227817890178077e-11, 7.446153787941547e-11, 5.69709396684666e-11, 5.163502335740319e-11, 5.245564750754481e-11, 5.449641323136489e-11]
[5.176766448020511e-11, 5.1438171965607843e-11, 4.4779485073518255e-11, 5.1257371197474954e-11, 5.444423490251818e-11, 4.737310782232501e-11, 4.9761915103607743e-11, 5.327546822572918e-11, 5.3586227703802694e-11, 5.886142872428347e-11, 5.1582725550762896e-11, 4.754386808043988e-11, 7.250252643861797e-11, 4.853742647031919e-11, 7.283652967123912e-11, 6.689437290893779e-11, 6.496575036929556e-11]
[4.386549585738121e-11, 7.157207956332733e-11, 4.803222956564333e-11, 6.806160934567834e-11, 4.995667094834344e-11, 4.607348501807883e-11, 5.62252323936933e-11, 6.959390858532592e-11, 4.945164592420873e-11, 4.766488843975962e-11, 7.154381031433531e-11, 6.93716733646476e-11, 6.940997665268129e-11, 6.961872326437787e-11, 6.896627947173261e-11, 7.121056730932333e-11, 6.19187680113307e-11]
[5.898491317404942e-11, 4.975640428798582e-11, 5.5883883858777016e-11, 6.79331467363897e-11, 5.2118085342608855e-11, 6.110522713878881e-11, 5.100783939448467e-11, 4.722781427962136e-11, 6.253823969969478e-11, 5.7655074391497996e-11, 5.609477982272703e-11, 5.106388135189645e-11, 6.411353556122371e-11, 5.430375445696604e-11, 6.586765179533392e-11, 6.261735150179158e-11, 4.90068630326397e-11]
[5.4053946922579055e-11, 5.1583063509002206e-11, 5.158277041813231e-11, 4.7803708215938976e-11, 6.811854641313058e-11, 4.5083486046994435e-11, 6.671311402282851e-11, 4.256286587125879e-11, 3.429715718695643e-11, 4.903022517961881e-11, 6.661539217563512e-11, 4.5943030799441185e-11, 6.779136116832166e-11, 5.215020850513214e-11, 5.1170418301964523e-11, 5.230726323048211e-11, 4.655350853967087e-11]
[5.743771378356749e-11, 5.453151888032661e-11, 4.8734406674835987e-11, 5.509964982580145e-11, 4.5194588268526466e-11, 4.7557907872336643e-11, 5.553164607013248e-11, 4.7592644743830594e-11, 6.741354606415256e-11, 6.182394703820735e-11, 5.6424119665354025e-11, 4.558742937739844e-11, 4.738311911140763e-11, 4.6563479327973045e-11, 4.367315389313324e-11, 4.2295367811948753e-11, 5.790266010292031e-11]
[6.032536615943157e-11, 6.101341431420888e-11, 4.9041666102230914e-11, 5.6485112435177684e-11, 5.818083107495474e-11, 4.75380527537663e-11, 4.3265918572726193e-11, 5.1509307528126825e-11, 5.311497974225466e-11, 5.487408642874305e-11, 5.248181503155045e-11, 6.34109220768427e-11, 6.988330222964602e-11, 7.040325930120899e-11, 7.274667671382801e-11, 6.945659078421642e-11, 5.6152887544460813e-11]
[7.063426835601775e-11, 5.733268388834394e-11, 7.112898468439117e-11, 7.020988091139673e-11, 4.859892441350165e-11, 5.1373728224595285e-11, 4.925281732814785e-11, 4.473548797897324e-11, 5.253726278186748e-11, 5.843854032187978e-11, 5.1278652340194273e-11, 7.125096510069637e-11, 5.147100503630792e-11, 7.374280952057782e-11, 7.268901220952138e-11, 4.990792012171037e-11, 6.417656188283359e-11]
[5.017138069745469e-11, 5.0534608723005114e-11, 5.23304494997667e-11, 7.381372682466095e-11, 5.452625116062385e-11, 5.1913441140456936e-11, 4.8231307260761485e-11, 4.831798387892294e-11, 4.7732052063100505e-11, 7.211197894736086e-11, 7.270628084634381e-11, 5.06875319571585e-11, 5.79475662249729e-11, 5.354807958611399e-11, 7.006386060798443e-11, 6.974758497304405e-11, 4.8179312319226724e-11]
[6.828130992485446e-11, 7.090685832482283e-11, 7.370901383662974e-11, 6.793578425186982e-11, 6.67319048406182e-11, 5.5596629056628655e-11, 5.237538367615003e-11, 5.23072448016131e-11, 4.743691261833059e-11, 6.989483028863471e-11, 5.2776746157214205e-11, 4.628710929346918e-11, 5.067549844023884e-11, 4.982464178896461e-11, 5.108152740989014e-11, 4.174540352808132e-11, 5.876540460984969e-11]
[6.245852263369351e-11, 6.186949763836017e-11, 6.080760215844993e-11, 7.330168707114655e-11, 6.160231044964569e-11, 5.6034911759302266e-11, 5.978488472113239e-11, 7.072377638680622e-11, 5.670918799105631e-11, 5.144982723322307e-11, 5.551093428597779e-11, 7.091334886888632e-11, 6.1287900538282e-11, 5.882510872364459e-11, 6.31776075427194e-11, 7.250407374924598e-11, 5.422802589637443e-11]
[5.910220705443776e-11, 6.020917288553945e-11, 6.923778944061867e-11, 5.989893001974143e-11, 5.982789579911094e-11, 6.936152995332972e-11, 5.920561943226372e-11, 5.7254482718796266e-11, 6.57530649045376e-11, 6.244714635871672e-11, 5.898100977530375e-11, 6.291555764795383e-11, 6.322124831431332e-11, 6.706557185913842e-11, 6.14597830460057e-11, 7.41791378739617e-11, 5.240882464627652e-11]
[6.129237130097381e-11, 5.54103090975556e-11, 6.037300446132315e-11, 6.11676242674743e-11, 5.2616483857008416e-11, 4.890478511767108e-11, 6.563374060501896e-11, 4.6104893503104194e-11, 5.5723986812723805e-11, 6.385095323912741e-11, 6.79168339008285e-11, 7.040159935712071e-11, 6.987432210208651e-11, 7.27147146439525e-11, 7.176651545678582e-11, 7.394783524027242e-11, 5.6766109994787455e-11]
[4.606911937378878e-11, 4.839219029895896e-11, 5.4621855868515215e-11, 4.632664689453684e-11, 4.3077742070055946e-11, 4.7759024356296705e-11, 5.1342810294610916e-11, 5.2707211323620634e-11, 5.6626559496704154e-11, 7.162806331923715e-11, 6.784841822555743e-11, 6.541282956185335e-11, 7.464270823289689e-11, 7.018624350754757e-11, 6.16754929130234e-11, 6.103147179811217e-11, 6.451719801390435e-11]
[5.744995031230528e-11, 4.066570076706366e-11, 4.424308950240128e-11, 4.957195066978882e-11, 5.434077645411574e-11, 4.323648966342093e-11, 4.5260337775937014e-11, 4.4303271688629675e-11, 4.867312934075664e-11, 5.4256570592109853e-11, 5.137559862369024e-11, 6.01555413214464e-11, 6.679384839568972e-11, 6.423260499971776e-11, 7.024372974152087e-11, 7.259657564067904e-11, 4.294881844035372e-11]
[5.248684419091887e-11, 4.404310486187012e-11, 5.1208935349228885e-11, 7.268035649612195e-11, 6.705652022043278e-11, 7.102418322655091e-11, 4.549506563813713e-11, 5.323498494059887e-11, 4.3640496689304416e-11, 4.224940540973195e-11, 6.060033501801409e-11, 5.630389682127308e-11, 7.138789054538264e-11, 5.647361394726517e-11, 5.7599469012397477e-11, 7.18614871668195e-11, 4.1154349084095095e-11]
[6.597386859222265e-11, 7.358449274555192e-11, 6.217259678723305e-11, 6.514202186857139e-11, 6.153668365188581e-11, 4.898885988654637e-11, 6.756589599821024e-11, 5.713089127225577e-11, 5.079169673492539e-11, 4.6215408370641423e-11, 5.402592535212074e-11, 4.826795826108202e-11, 7.132330324379276e-11, 4.7606302440808357e-11, 4.5078685685448234e-11, 4.1948024380812045e-11, 5.981465271945935e-11]
[5.985263352470589e-11, 5.970094248298202e-11, 6.188175479350344e-11, 6.572665872774127e-11, 6.887515943140482e-11, 7.081275571339098e-11, 5.889049895622898e-11, 6.06550054751178e-11, 5.813522561748802e-11, 6.203368922525889e-11, 5.668633648425192e-11, 5.380993056268885e-11, 6.44654325103694e-11, 6.487448574905449e-11, 7.779284897155913e-11, 7.220640951417436e-11, 4.390465475803274e-11]
[5.3564487135427844e-11, 5.663396768950594e-11, 6.980982582396933e-11, 6.898311055413199e-11, 5.632952847449859e-11, 5.2843095415836746e-11, 5.7931513970934833e-11, 5.2247757851223016e-11, 4.999702945236145e-11, 5.486864839022703e-11, 5.3604264165834365e-11, 5.383461891484181e-11, 7.449252559544587e-11, 4.748368440403977e-11, 4.621538043068031e-11, 4.7205894726506e-11, 5.950892745800933e-11]
[6.820695637561334e-11, 7.154343661056185e-11, 7.193879783346797e-11, 6.804532532978253e-11, 7.008775191207746e-11, 6.762011791670255e-11, 6.896216901032472e-11, 6.950486808045528e-11, 6.967320073576161e-11, 7.176398612363501e-11, 6.999654067998758e-11, 6.730114101623703e-11, 6.884942836223999e-11, 6.823362766408593e-11, 6.72562671045979e-11, 7.473014408270151e-11, 6.720441773180765e-11]
[4.1568099446170766e-11, 4.142518744256579e-11, 4.9469790117060616e-11, 4.979655372951356e-11, 5.2555989047069196e-11, 7.159089405571089e-11, 5.10677639549682e-11, 5.025048958158567e-11, 4.748324503885249e-11, 4.95173832200201e-11, 5.496218799408112e-11, 6.991167054465587e-11, 6.542060897378925e-11, 5.6659968271977227e-11, 7.291251295815044e-11, 7.477786361059861e-11, 3.9284384092863544e-11]
[7.075751570165735e-11, 7.042180036636047e-11, 6.305189513531411e-11, 6.417386988741636e-11, 5.640833947100662e-11, 5.265648477408247e-11, 5.361764585612872e-11, 4.5894265937639387e-11, 6.081604797864022e-11, 6.080909156998304e-11, 4.516427835402032e-11, 5.8152988822380555e-11, 5.992591976576154e-11, 4.546553534609867e-11, 3.991505628124895e-11, 4.165179803255054e-11, 6.709646474567062e-11]
[5.456951368349561e-11, 4.915211041549275e-11, 4.413408906498108e-11, 4.5383687346341936e-11, 5.6882672802218046e-11, 4.959920103944549e-11, 4.9157360218253875e-11, 5.100625646157114e-11, 7.023673427820744e-11, 6.860012459914587e-11, 6.722179524536941e-11, 7.007158836565211e-11, 6.157078485758201e-11, 7.294715375770893e-11, 6.546551435326417e-11, 6.256847132580244e-11, 5.96441045861021e-11]
[7.183185513690062e-11, 6.759700017092827e-11, 6.611745580435081e-11, 6.589950795145551e-11, 6.337875360176568e-11, 6.605697757057367e-11, 6.782407426343115e-11, 5.423121800194829e-11, 6.701661263686813e-11, 4.847023802881073e-11, 4.287502598739715e-11, 3.915928607487667e-11, 4.4133196773174433e-11, 4.673917884457944e-11, 4.7260357906446215e-11, 7.419807841306032e-11, 6.546815693328194e-11]
[7.117100151353296e-11, 6.890519751041371e-11, 6.952969664662701e-11, 7.055701594816284e-11, 6.693303143887994e-11, 6.22671461718725e-11, 6.459111414664957e-11, 6.26236116117186e-11, 6.212325919633939e-11, 7.024062430823648e-11, 7.34994884600509e-11, 6.869300334991462e-11, 7.203723810801535e-11, 6.67309200161817e-11, 6.838862065355614e-11, 6.756630002887093e-11, 5.7452371161216724e-11]
[6.743688609507672e-11, 6.44810020646565e-11, 6.930994778550855e-11, 7.160395349821993e-11, 6.592846419831776e-11, 7.24302320268931e-11, 6.615172591762814e-11, 6.548695123300125e-11, 5.814218294607511e-11, 6.95592526240064e-11, 6.361939065947429e-11, 6.257922222032831e-11, 5.697456929409088e-11, 5.766469299260754e-11, 7.057489453450608e-11, 7.249717629873033e-11, 6.607953327027598e-11]
[4.5756045384875135e-11, 4.9616157549625235e-11, 5.6866437713553395e-11, 4.432442136923884e-11, 4.0533585885091465e-11, 4.684918134886185e-11, 4.3052821443491e-11, 6.778216774356953e-11, 4.744395320331087e-11, 6.764199984883617e-11, 6.562464613246453e-11, 5.4870873277550903e-11, 6.372249833902853e-11, 6.602568193483198e-11, 6.571036708734425e-11, 6.643532852068467e-11, 5.477224336559399e-11]
[5.073803580057706e-11, 4.938845634705006e-11, 7.478173014094866e-11, 5.0154391085687334e-11, 4.8360625599026164e-11, 4.509539381338048e-11, 4.240341915041092e-11, 5.565247254350233e-11, 5.33207284253738e-11, 4.4401069834400393e-11, 4.5939348135677024e-11, 5.598405725611119e-11, 6.180158418306632e-11, 6.051355595514824e-11, 7.204985662520833e-11, 7.760611411346773e-11, 4.3946884670745286e-11]
[7.194685450867153e-11, 6.884707028255368e-11, 7.008357088931821e-11, 6.161696990238958e-11, 6.43234386328179e-11, 6.998994940297605e-11, 6.527630562181687e-11, 5.59233462543511e-11, 5.4746357896143024e-11, 6.132081124188379e-11, 6.701489165821338e-11, 7.038679114567124e-11, 6.923539449991588e-11, 6.282759709085056e-11, 7.053214765343607e-11, 7.529345252754402e-11, 5.345754273213221e-11]
[5.1338800018498614e-11, 6.639959933082813e-11, 6.921770814490491e-11, 5.573423611972082e-11, 4.410625414341337e-11, 5.0191832282668903e-11, 5.876479360742533e-11, 6.560495641078814e-11, 4.879584281413855e-11, 4.366573428728727e-11, 6.623125146620021e-11, 6.658145996164371e-11, 5.428199735771913e-11, 6.624222803596983e-11, 7.011716414681137e-11, 6.995080486134377e-11, 4.236044780995255e-11]
[6.663604021195538e-11, 5.383634654233259e-11, 6.426156481624102e-11, 5.968342636873399e-11, 5.403323462434477e-11, 5.334669645982961e-11, 6.344051641266042e-11, 6.383860140351112e-11, 5.392998675476724e-11, 5.7425995566063795e-11, 4.8993992698140683e-11, 4.5497928513386355e-11, 4.307622971933729e-11, 4.773678857241283e-11, 5.2957034283207046e-11, 4.657910076165026e-11, 7.195798809836482e-11]
[4.128561433913427e-11, 6.107324543560576e-11, 5.378320496703458e-11, 4.379431347783689e-11, 4.641432483817902e-11, 4.6309505984330736e-11, 5.1558318390030496e-11, 6.941563635865584e-11, 4.745537552243761e-11, 4.543001853325254e-11, 6.68921421587122e-11, 6.586394495590488e-11, 5.7090510771325413e-11, 6.777399043918779e-11, 6.145986694751554e-11, 6.573835667326306e-11, 5.985376059818463e-11]
[5.023325930289968e-11, 5.6435085829323787e-11, 5.480413379655267e-11, 4.8193305566221374e-11, 5.6129404483065415e-11, 5.5853994528233027e-11, 6.216354693473026e-11, 5.248066371036469e-11, 6.880366549023194e-11, 6.496822161628102e-11, 5.62680893311021e-11, 4.575667142371636e-11, 5.339728000063142e-11, 5.2709625896973274e-11, 5.5746452532221165e-11, 4.650671053331809e-11, 6.840167140498391e-11]
[4.47646435750797e-11, 4.6955886188957794e-11, 4.640272765800622e-11, 4.967111460752111e-11, 4.248096618156749e-11, 5.588965444026591e-11, 6.677076252812241e-11, 4.879679047152393e-11, 5.6086979320022826e-11, 5.310886976386826e-11, 5.456410568010688e-11, 6.130428607139453e-11, 6.199569790339818e-11, 6.06341563712981e-11, 6.057090743840392e-11, 5.879297776780669e-11, 4.310069852592164e-11]
[4.959540207929988e-11, 5.5424680617682215e-11, 4.786030325885515e-11, 6.68242747349042e-11, 5.901866334947863e-11, 4.6189844147500564e-11, 6.188222438619278e-11, 5.0738188846148864e-11, 7.159382710086195e-11, 5.685654701308908e-11, 6.011795058977142e-11, 6.145806997000688e-11, 6.330979086115998e-11, 5.4939202410070114e-11, 6.812920392493759e-11, 5.310658000528689e-11, 3.915338049938049e-11]
[7.306183627945607e-11, 4.5175755553332885e-11, 4.2429682745177545e-11, 4.762306871181771e-11, 5.010758273094428e-11, 5.963389794260241e-11, 5.3883025789079853e-11, 5.373098048956963e-11, 4.744590511629743e-11, 6.477829216863129e-11, 5.937155740970321e-11, 4.502202470680823e-11, 6.903494738269246e-11, 4.96845106956852e-11, 7.334930210641697e-11, 6.841442555925627e-11, 5.91118852870157e-11]
[4.732061830360595e-11, 3.802261988368098e-11, 5.0832703628191036e-11, 5.412243859727939e-11, 4.5920270599526345e-11, 4.885762161713741e-11, 5.508965106974265e-11, 4.527207679008134e-11, 4.5491330790951467e-11, 4.7544581842453106e-11, 7.101842363336362e-11, 5.417968842950286e-11, 5.054149548437304e-11, 4.919449892411662e-11, 5.107686158941334e-11, 5.927739570065736e-11, 3.627155839687175e-11]
[7.240831144327495e-11, 7.704082031541967e-11, 6.085881488226586e-11, 6.269622288655618e-11, 4.59866277908747e-11, 4.34746666366681e-11, 4.361507765948726e-11, 3.989433324077284e-11, 4.593619399023228e-11, 4.210868855026035e-11, 4.2273614318287356e-11, 4.8200639466200285e-11, 6.141643435029467e-11, 4.0939788744861256e-11, 4.2403295762620005e-11, 4.0700894772672665e-11, 5.3109964423138546e-11]
[6.43424604333683e-11, 5.578913185818636e-11, 5.831478095854138e-11, 5.715978020604868e-11, 5.213718789045092e-11, 5.868133882475694e-11, 5.69944512739365e-11, 5.246728359757638e-11, 5.716242339982915e-11, 5.385887717021362e-11, 6.008194961907926e-11, 5.980251221828868e-11, 7.290239980560275e-11, 6.624141769865225e-11, 7.390565593389026e-11, 7.262016899976814e-11, 5.136377350179673e-11]
[7.178285799139907e-11, 4.890272196461518e-11, 4.6301993866752136e-11, 5.120995505903187e-11, 5.423456119292689e-11, 5.879051790079455e-11, 4.7506803405075046e-11, 5.988471126973791e-11, 5.992550021138432e-11, 7.088805942651428e-11, 5.4330930045010744e-11, 5.253378583959645e-11, 5.4848316810654326e-11, 6.027239512028907e-11, 5.301197375476714e-11, 4.882180724848364e-11, 6.869862976825959e-11]
[4.5729027055461304e-11, 5.228396115834128e-11, 4.657198963200046e-11, 5.132139191407447e-11, 4.534135316525341e-11, 4.6185423423235787e-11, 6.393069407998722e-11, 6.643676997328549e-11, 5.3796315452543136e-11, 5.0113355940755115e-11, 6.590047630553144e-11, 6.879440137189548e-11, 6.805606577205129e-11, 6.793663847504562e-11, 7.296448198219141e-11, 6.562617897925985e-11, 5.539678391520234e-11]
[5.3561097105202414e-11, 5.388102166046631e-11, 5.879735815899229e-11, 6.268539726484712e-11, 5.639186669764028e-11, 5.409017398397425e-11, 5.637337220177231e-11, 5.494337438151732e-11, 5.832604553108245e-11, 5.0658701655821136e-11, 6.843878083376937e-11, 5.919678050521215e-11, 5.18232521028302e-11, 4.859416975518251e-11, 7.375722680954663e-11, 7.386841027172923e-11, 3.782387330816732e-11]
[6.305799457496221e-11, 5.719444238083151e-11, 6.971259124719265e-11, 6.923018654039817e-11, 5.720077301347092e-11, 6.591338059988775e-11, 4.675600203863242e-11, 4.6802587442160385e-11, 6.914754824011761e-11, 5.0491905513540814e-11, 4.992955653433994e-11, 6.914046948209662e-11, 4.901563822011256e-11, 7.139158145916864e-11, 7.114251267259887e-11, 4.414596565100628e-11, 6.221930126465966e-11]
[5.039692917243143e-11, 4.948189842240644e-11, 4.853617893078573e-11, 6.235206825798925e-11, 4.35137636127541e-11, 5.3448411111423064e-11, 6.273023529378953e-11, 4.860723510066021e-11, 6.378858684795974e-11, 7.07400969218681e-11, 6.99538286153987e-11, 6.826182420056783e-11, 6.815604593102228e-11, 6.598092654243598e-11, 6.847785383547153e-11, 7.75627122387654e-11, 5.693248057545218e-11]
[5.949402612387115e-11, 5.914480905788174e-11, 5.681068919402252e-11, 6.009125481068407e-11, 4.8040919712352864e-11, 6.655144115427246e-11, 6.254725021267679e-11, 4.6465881921608316e-11, 4.608090168787998e-11, 5.357482281177715e-11, 4.756808743557174e-11, 4.73428747142685e-11, 5.021385555662321e-11, 6.157881360573453e-11, 5.438890190470085e-11, 5.680885499988148e-11, 5.961087279084608e-11]
[6.5843915375658e-11, 6.651998154878883e-11, 6.882372434455963e-11, 6.59089532502193e-11, 5.710105556746958e-11, 6.027056932012888e-11, 5.6979699264066315e-11, 7.218270542009473e-11, 6.017661462704013e-11, 6.723696038700684e-11, 7.04905376163643e-11, 6.951256265462862e-11, 7.167299495430513e-11, 6.981469311883966e-11, 6.85094869089845e-11, 6.962422218219185e-11, 6.022149750269585e-11]
[6.137341551922228e-11, 5.949786257474335e-11, 6.432063045888282e-11, 6.403885207142557e-11, 6.603910722765955e-11, 6.265539268611187e-11, 6.391295877785034e-11, 6.418605372278384e-11, 6.201688627932732e-11, 5.825447769784105e-11, 5.854808259797393e-11, 5.8097323959591934e-11, 5.921935233495931e-11, 6.451389059761504e-11, 6.269506408772316e-11, 6.886055325249309e-11, 4.275760146439705e-11]
[6.46204641836808e-11, 4.895950430153448e-11, 6.475150967232281e-11, 5.174248532610122e-11, 6.490179197024792e-11, 6.277678010613382e-11, 5.15954465618701e-11, 6.439989161614693e-11, 6.177134137633416e-11, 5.28840866984489e-11, 5.470471465670252e-11, 6.610330650968582e-11, 4.868118726100781e-11, 5.154747051887833e-11, 5.792646182612741e-11, 7.171157322268846e-11, 6.043967957735781e-11]
[5.495129926203245e-11, 5.3061690122382323e-11, 5.645370510398938e-11, 5.6322502198267124e-11, 5.226266139649477e-11, 4.8865011548451117e-11, 6.896326409113197e-11, 5.1580572326189917e-11, 4.894359257304391e-11, 6.963054260813804e-11, 7.102106449010058e-11, 5.4463859374764125e-11, 6.959231704935729e-11, 7.382466337946103e-11, 7.390833012550934e-11, 7.400956812633851e-11, 5.5266014220177694e-11]
[5.4154618947940586e-11, 5.862446823900097e-11, 5.862103745816183e-11, 6.062803154737765e-11, 4.981778187449004e-11, 4.8897085545740976e-11, 5.3838710545104233e-11, 4.1615506693702365e-11, 5.536247066771139e-11, 5.3504738725629915e-11, 4.5180172130375156e-11, 4.580882822555287e-11, 5.14641392953743e-11, 5.5082596004644107e-11, 5.4827607736178713e-11, 6.096096524478829e-11, 5.5442866175288966e-11]
[6.675269423341942e-11, 6.125197932011351e-11, 5.612872569378937e-11, 6.608077976005574e-11, 6.210869665270293e-11, 5.838572526275194e-11, 5.899233355471152e-11, 6.720650703998194e-11, 6.637583752072692e-11, 6.09858651229228e-11, 6.670888373095962e-11, 6.762004733770463e-11, 6.626754559594447e-11, 6.843194663558874e-11, 7.07448656507992e-11, 7.234339180542941e-11, 6.218239970871922e-11]
[6.464003853948053e-11, 6.006989835154832e-11, 5.0717507303763865e-11, 4.7449609955489595e-11, 4.006252483357042e-11, 4.4969579398495285e-11, 6.618438300585954e-11, 5.425977539922953e-11, 4.780194610114592e-11, 5.091390058923818e-11, 4.5714767404669643e-11, 5.4592000638290714e-11, 5.780691611868155e-11, 6.83771806145929e-11, 5.838584384998271e-11, 5.8002564267450724e-11, 4.9880741750277173e-11]
[5.402180656429566e-11, 5.6512290783371555e-11, 5.056975517851816e-11, 4.5715043591573175e-11, 4.190499872540925e-11, 7.11815921135928e-11, 5.020483979383807e-11, 4.125284650905062e-11, 4.777607470451967e-11, 4.772603536049588e-11, 5.085187113680064e-11, 7.099917839469597e-11, 5.7349346231108245e-11, 6.930292211261591e-11, 6.498439727319558e-11, 6.500274116924413e-11, 5.891619683369539e-11]
[6.637585370401598e-11, 6.333300844888681e-11, 6.399988135607935e-11, 6.643647953956232e-11, 5.052293213423812e-11, 6.91986641973728e-11, 4.934321199126357e-11, 5.729645992197901e-11, 6.892278391221206e-11, 6.398331107092848e-11, 6.132501160210767e-11, 7.380809843014842e-11, 6.938288608621287e-11, 6.382140649827865e-11, 4.943511923969681e-11, 5.2700344661813335e-11, 6.442224747727725e-11]
[6.576759275163867e-11, 7.60581572185173e-11, 6.199071622625668e-11, 6.23115041474295e-11, 5.5822746048175124e-11, 4.688617292361052e-11, 4.758059187186083e-11, 7.104619233937984e-11, 5.142444645083893e-11, 4.868736216733092e-11, 6.991377052612938e-11, 5.526130107008411e-11, 7.347336652232866e-11, 6.927490507665994e-11, 4.6613683890366084e-11, 4.012512399055795e-11, 6.57811243320207e-11]
[6.95273340305328e-11, 6.815943040225874e-11, 7.055326109603922e-11, 7.085627066678726e-11, 5.907226083128248e-11, 6.494499064858854e-11, 7.034575725290727e-11, 5.325508502899867e-11, 4.865650186309415e-11, 4.943553622867249e-11, 4.919251447132356e-11, 4.673439678447325e-11, 4.5171106306513284e-11, 4.9601540534876315e-11, 4.6161202696514e-11, 4.01217984755343e-11, 5.6511553690874675e-11]
[4.383861904215558e-11, 6.869630673482623e-11, 6.938229857038374e-11, 4.592593532484352e-11, 4.038400337680358e-11, 6.82026716388071e-11, 4.593650874588828e-11, 4.790290832470434e-11, 4.6347919085340044e-11, 6.73148044944968e-11, 7.28705162611365e-11, 5.25818690172878e-11, 6.554998072308819e-11, 7.533228861203858e-11, 6.66092149332861e-11, 7.218763794883167e-11, 5.876750027773579e-11]
[4.6442377520038013e-11, 4.988066649404442e-11, 5.027644192902826e-11, 4.6056661448764584e-11, 5.417849990098775e-11, 4.1528331158297616e-11, 4.9488096243569957e-11, 4.885191136270645e-11, 4.180861652980968e-11, 7.128062192793885e-11, 5.368886337779523e-11, 6.571412369211812e-11, 7.119077011141468e-11, 7.139351778324261e-11, 7.410771479841692e-11, 7.383363467337546e-11, 5.596190353644817e-11]
[6.222447707910425e-11, 5.304301108084561e-11, 6.054109459006336e-11, 4.4343629386829327e-11, 5.1954770447574924e-11, 5.380882724658572e-11, 5.285999250346501e-11, 4.520547307339174e-11, 4.9589529195962105e-11, 5.242689725127454e-11, 6.10915058773539e-11, 5.559276731872264e-11, 5.5812075515566284e-11, 5.816305667516687e-11, 6.375305207794658e-11, 6.947348564137687e-11, 5.50434817348949e-11]
[5.217533053268936e-11, 4.4635583567325064e-11, 5.294001874763414e-11, 6.84818373568507e-11, 7.451988333332725e-11, 4.6036091297892853e-11, 7.462707506411212e-11, 4.9669706740753434e-11, 4.367880623533132e-11, 4.8346003055874706e-11, 5.559077398543128e-11, 7.189392097727383e-11, 7.0930267187569e-11, 6.929002840496024e-11, 6.93322770957306e-11, 7.112531148227506e-11, 5.121902570647868e-11]
[4.874388298286615e-11, 7.800665171532962e-11, 5.611318529158938e-11, 5.6091863060859174e-11, 5.748776149523745e-11, 5.149176482638924e-11, 5.233559673017328e-11, 6.046809970095472e-11, 6.220773899127903e-11, 6.644944958376829e-11, 6.452197681845566e-11, 7.159163164323799e-11, 7.341410714599383e-11, 7.043485066570955e-11, 6.980392794216133e-11, 7.241627029458636e-11, 6.43064588715185e-11]
[6.291144184978833e-11, 6.274586899556357e-11, 5.866457851371909e-11, 5.6962539041643414e-11, 7.144381508744476e-11, 5.969632425165806e-11, 6.884676114189177e-11, 4.950572129515933e-11, 5.884313023359273e-11, 5.361412044654088e-11, 6.730863233715654e-11, 7.020884926045724e-11, 7.024537481967792e-11, 7.562371286634373e-11, 7.212794636353718e-11, 7.164798777213408e-11, 4.493315674809914e-11]
[5.526315980595218e-11, 5.058293131927026e-11, 4.5971584821236474e-11, 5.294031101552409e-11, 4.638612225378208e-11, 4.0987753123071105e-11, 5.036685935352754e-11, 6.944700911075578e-11, 6.103481380227322e-11, 6.955324900846583e-11, 6.932792680771533e-11, 6.784760135278045e-11, 6.004044837480266e-11, 6.538322163648609e-11, 7.070201004994276e-11, 6.738469519787934e-11, 6.071082123235276e-11]
[7.126668430097727e-11, 6.794297786387682e-11, 5.379696006098382e-11, 6.100003678466153e-11, 5.43536336164296e-11, 6.186715655645505e-11, 6.613068505850171e-11, 7.13293343567681e-11, 6.655144270907592e-11, 6.380841744501624e-11, 6.555723414885804e-11, 6.752946395366345e-11, 6.704995004065681e-11, 7.061237407606647e-11, 6.663920284425915e-11, 6.936778983707058e-11, 4.7518269229367636e-11]
[7.03046832072807e-11, 7.138747781331978e-11, 7.006733889034128e-11, 7.249700984983889e-11, 7.1472545400906e-11, 6.499830850970873e-11, 6.927990880040226e-11, 6.238915039223181e-11, 5.979282887952248e-11, 5.5314260458772486e-11, 5.2811204000559226e-11, 6.180666619013154e-11, 5.998033401779848e-11, 5.646205182679698e-11, 5.3777139939497416e-11, 4.954994740194214e-11, 5.933220915160094e-11]
[6.463806067446087e-11, 6.064206050057914e-11, 6.11778874699142e-11, 6.589120685413205e-11, 6.331858096819379e-11, 5.596319616704212e-11, 4.7371825705057664e-11, 5.038917702292126e-11, 6.425441177842954e-11, 6.057174348947712e-11, 4.9426960522090644e-11, 6.500379351756711e-11, 4.4684215202824406e-11, 4.7311696505847646e-11, 5.2878348840226445e-11, 6.088681954238002e-11, 4.566203923000246e-11]
[6.666337914820899e-11, 6.917057662315206e-11, 7.57737766108608e-11, 6.34569490699856e-11, 5.998460817962848e-11, 5.6788984160988036e-11, 5.770859480096158e-11, 6.003385979113601e-11, 6.037094309565195e-11, 6.418424949415364e-11, 5.791051976225439e-11, 5.875994728536015e-11, 5.258149547547924e-11, 5.0990244149499456e-11, 5.183829284725414e-11, 5.2834887991275646e-11, 5.3954066669342525e-11]
[6.323123579087774e-11, 6.351098973743138e-11, 5.005055879153372e-11, 4.857597736747764e-11, 5.201247284627751e-11, 5.927395002684642e-11, 4.460208777708554e-11, 4.9924691517982265e-11, 6.059752150033418e-11, 6.98455772768542e-11, 5.0566054263492816e-11, 7.045320639781395e-11, 6.389562807398657e-11, 6.957312155861894e-11, 6.909590068773523e-11, 7.14543086411674e-11, 5.824994058343258e-11]
[4.7465356852933007e-11, 4.05863245355009e-11, 4.2117850128015853e-11, 6.71872961038206e-11, 5.0706189411900967e-11, 6.905738403232688e-11, 4.972364577916505e-11, 4.620342684506942e-11, 6.845219343290636e-11, 6.678720033017954e-11, 6.172036353371687e-11, 5.249669520295591e-11, 6.660987717747747e-11, 7.018781324243377e-11, 6.741097216865614e-11, 7.60032379679343e-11, 5.772907579582185e-11]
[5.2262949458237585e-11, 5.841700497428029e-11, 6.877646525311842e-11, 5.826482009452368e-11, 6.766653131893168e-11, 5.352691883244209e-11, 5.2968294155365234e-11, 6.867647596002515e-11, 5.931056955304775e-11, 5.852673616606604e-11, 6.547241157811994e-11, 7.038879684912647e-11, 6.840176508762995e-11, 6.571865237369928e-11, 6.814579705276523e-11, 6.745350463255086e-11, 5.628066027078701e-11]
[6.013207776082109e-11, 5.2975887670967636e-11, 4.272952683433824e-11, 5.405345775654158e-11, 6.383070955031573e-11, 4.078586283689814e-11, 4.413271571931167e-11, 4.727163511939546e-11, 6.981639640070909e-11, 5.515837013052271e-11, 4.5722333684889147e-11, 4.9981470281880735e-11, 7.247594278155897e-11, 5.255991104669215e-11, 6.913197429487205e-11, 7.181373898989892e-11, 5.44414784790117e-11]
[6.964565186718505e-11, 4.902575118532402e-11, 4.650407619948088e-11, 4.607318362472355e-11, 4.676271686118662e-11, 5.105624153330506e-11, 5.146166778950565e-11, 5.1399437823048797e-11, 4.9563818615156406e-11, 4.9330072903905714e-11, 4.1142111242756065e-11, 3.896553712198494e-11, 4.582072510456555e-11, 5.3531835762363846e-11, 4.956343625681088e-11, 5.755514026751197e-11, 5.1564975603218925e-11]
[5.0061433745189914e-11, 5.710709782864638e-11, 5.824843181689555e-11, 5.887527644200633e-11, 5.093022152138964e-11, 5.030675558505147e-11, 6.293080839306149e-11, 5.2938174242410215e-11, 5.4997327942070745e-11, 7.198474308141353e-11, 6.621881423060431e-11, 6.399986744357573e-11, 6.286709664589813e-11, 5.605907290308908e-11, 6.099545234669136e-11, 7.39597493502959e-11, 6.064667362978376e-11]
[6.465836275101361e-11, 6.930885760113562e-11, 5.844746368458468e-11, 6.446247109228726e-11, 6.746159445734905e-11, 6.2272459921511e-11, 6.415643257382439e-11, 6.945378515879305e-11, 6.360697001447254e-11, 6.34811142871601e-11, 6.116672856032382e-11, 7.076758970894537e-11, 6.15110571582766e-11, 5.904286341003348e-11, 5.979282363967685e-11, 5.892663141086124e-11, 5.748750948092018e-11]
[4.7828748449369686e-11, 4.35127011733549e-11, 5.028471099602573e-11, 7.107780275958611e-11, 4.4339455953804575e-11, 5.12957598117575e-11, 4.415049908495978e-11, 7.205495084722692e-11, 5.418933299601004e-11, 6.761906589351122e-11, 6.768671232628628e-11, 6.69906110025468e-11, 7.241493627073547e-11, 6.837056674459468e-11, 6.920638336016161e-11, 7.345587683493329e-11, 5.171408384169509e-11]
[4.8039774547278696e-11, 4.5871290897233195e-11, 4.5899504154714856e-11, 4.7114017318160345e-11, 4.5710882462567006e-11, 4.064179057645551e-11, 4.657758918383315e-11, 3.545328165816564e-11, 6.239862720692149e-11, 4.52288478688822e-11, 5.159877084404718e-11, 6.85510331669622e-11, 5.345611303843094e-11, 5.8304120548505e-11, 6.194051166521602e-11, 5.5254737196477016e-11, 5.413689925704308e-11]
[6.730132748856285e-11, 7.037606947895764e-11, 5.849101466900438e-11, 6.105605814644126e-11, 7.190279890062394e-11, 6.134081030180776e-11, 5.7798521609135754e-11, 5.713486669489464e-11, 6.565533902979307e-11, 6.084218792972256e-11, 5.724172252352099e-11, 7.125012398736083e-11, 6.353001494903762e-11, 6.020279607526627e-11, 6.61302326504237e-11, 7.414251928057664e-11, 4.938911908382874e-11]
[4.770282677379179e-11, 4.5780384002326954e-11, 6.703438045563008e-11, 4.700985768983424e-11, 6.868477102106045e-11, 4.8177429260266884e-11, 4.612680170647386e-11, 5.048429656730526e-11, 7.08026045966267e-11, 6.676486836932523e-11, 5.718206336445449e-11, 5.439951709321253e-11, 6.922116563536946e-11, 5.307088270079505e-11, 5.1898204388256226e-11, 5.3701040884559106e-11, 6.204241379875178e-11]
[7.21928315676397e-11, 6.877319118711827e-11, 6.374940039277122e-11, 6.356681078804071e-11, 6.755262581369762e-11, 6.330462465929853e-11, 6.346127296689102e-11, 7.056360805099956e-11, 5.732888464531195e-11, 4.8274855563183435e-11, 7.201379563870816e-11, 7.00722868164635e-11, 5.287829414699974e-11, 5.4359338858991917e-11, 5.3769874422487995e-11, 5.239456010176977e-11, 7.338533885242658e-11]
[4.642812963287714e-11, 5.037904857579379e-11, 7.141006872643992e-11, 5.579427147288938e-11, 6.987999121810272e-11, 6.457119071655996e-11, 5.091927412809362e-11, 4.884631312710947e-11, 5.5787109513118035e-11, 5.398111179017018e-11, 5.2739792033544145e-11, 5.04879390312301e-11, 5.231137006790495e-11, 5.63492913691822e-11, 5.308777291309017e-11, 6.37591709754465e-11, 6.077237824826384e-11]
[7.061254649493731e-11, 5.412860547776013e-11, 7.173735833934969e-11, 4.723992494422821e-11, 4.3504454181176844e-11, 3.742610907887093e-11, 4.8082346420024835e-11, 5.813310442699051e-11, 4.675686167204574e-11, 4.171705890738038e-11, 7.006626796053552e-11, 5.2779618636653404e-11, 5.571031366190354e-11, 5.640958743197561e-11, 6.990063565145113e-11, 7.295298494012956e-11, 5.928349999425279e-11]
[6.250916293403936e-11, 6.289601206992393e-11, 5.829099358728498e-11, 4.661701893474384e-11, 7.465601987215588e-11, 4.673030483807698e-11, 4.965014898657201e-11, 7.474301484179415e-11, 4.051310011395201e-11, 4.46897985793591e-11, 4.533285792262894e-11, 4.82404708072867e-11, 5.252133886611856e-11, 6.214790936934407e-11, 7.202317355766087e-11, 5.7657033373175306e-11, 6.277906995792563e-11]
[5.005272547854256e-11, 4.924962824420633e-11, 4.342600426006259e-11, 4.665295154482262e-11, 4.940235247323743e-11, 5.977250911203859e-11, 4.885961188711314e-11, 5.304716636872641e-11, 5.5953152116422274e-11, 5.4091662853993026e-11, 6.84784239476195e-11, 6.83195422514976e-11, 5.618287444887543e-11, 5.345389096998109e-11, 6.901281496273134e-11, 6.075488659319665e-11, 5.936655611128411e-11]
[6.369259057309469e-11, 6.732625968310788e-11, 5.965550192619422e-11, 6.193422156889614e-11, 4.673828726142363e-11, 4.407449734310679e-11, 5.14360200670725e-11, 5.0948011951237714e-11, 4.16109730271765e-11, 4.5847015821541546e-11, 4.786945564402618e-11, 4.7739755244271045e-11, 4.8761306751856214e-11, 5.748191004190719e-11, 7.213367864671678e-11, 7.627938026973961e-11, 5.129787555658497e-11]
[5.948666833229139e-11, 5.654015889130558e-11, 6.400933468853536e-11, 5.211783894731059e-11, 6.374865593214022e-11, 4.4162824836021837e-11, 5.1216286595352945e-11, 6.889400158842181e-11, 6.91746938659137e-11, 4.4205601481702744e-11, 7.05628461547271e-11, 4.710387159947487e-11, 4.6457231252173885e-11, 4.9765391995535095e-11, 5.366429672123785e-11, 5.996090178043632e-11, 6.067120759380732e-11]
[7.101535365971846e-11, 6.666986428703201e-11, 5.985029821359275e-11, 7.125368017156047e-11, 5.627259171084083e-11, 6.114516120936769e-11, 6.0589143740696e-11, 4.847461116576414e-11, 4.959029643003079e-11, 6.524717792671087e-11, 6.027656731654097e-11, 6.171085448660082e-11, 5.03904690206994e-11, 5.0369533400525465e-11, 5.53864077881283e-11, 6.079939517662483e-11, 5.4837397669463195e-11]
[6.373468276678846e-11, 5.995960279268846e-11, 5.5971536929972515e-11, 5.361702250626926e-11, 5.980492677263372e-11, 4.834801684159003e-11, 4.781590010539227e-11, 4.500344880209741e-11, 4.795184041526709e-11, 4.7295755348969334e-11, 4.141406440617592e-11, 4.909803825297603e-11, 6.923795807580508e-11, 6.206780672745383e-11, 7.114458464104744e-11, 7.126265622251473e-11, 5.669167217267054e-11]
[5.881102477373801e-11, 6.529316569255716e-11, 6.552021850116906e-11, 6.944813330758612e-11, 5.937600859261683e-11, 6.298683097757461e-11, 7.024527976197005e-11, 6.832841177582366e-11, 5.85937567780975e-11, 6.124381271050686e-11, 5.789045985980166e-11, 5.3042532627153057e-11, 5.2160123751410905e-11, 5.341296999660801e-11, 5.107199315045454e-11, 4.8120329863367406e-11, 6.473834664682508e-11]
[6.596696499286683e-11, 6.714194344346438e-11, 6.218067815264473e-11, 5.836969846045762e-11, 6.407880425562978e-11, 6.965458490301507e-11, 5.693053759619745e-11, 5.892059748802776e-11, 7.000977246057037e-11, 7.041110602006462e-11, 5.5899144607202e-11, 5.7796283077409827e-11, 7.062708474953851e-11, 6.498787600485672e-11, 7.000189702017705e-11, 7.399347607151396e-11, 5.909341180033895e-11]
[5.6130300988780404e-11, 6.848451752224978e-11, 7.193745759587536e-11, 5.810951679040747e-11, 4.987268309050131e-11, 7.104547454204763e-11, 4.4417467583908564e-11, 5.779714374063293e-11, 4.9783579026826074e-11, 4.5311231610707094e-11, 6.850920273721807e-11, 5.4683981346380734e-11, 4.803116343629185e-11, 5.039910744348188e-11, 7.034111332438591e-11, 5.601082086065754e-11, 5.150796643491488e-11]
[5.750038576216547e-11, 4.897395563827204e-11, 4.9984696795783475e-11, 4.8832822604280164e-11, 5.5923404097971685e-11, 4.304307112420683e-11, 4.1312470220709625e-11, 4.534302097639975e-11, 5.25044675846227e-11, 4.8049737849766975e-11, 6.728850985395518e-11, 6.561313511635161e-11, 4.658685091625888e-11, 6.606675387705355e-11, 6.723235003055578e-11, 4.333683166179238e-11, 5.918993371680416e-11]
[5.1374448877673244e-11, 4.469709768902219e-11, 4.886541142699049e-11, 5.317935928001304e-11, 5.455423055876638e-11, 4.400942341137021e-11, 6.973163354254122e-11, 5.673833841452651e-11, 4.5970121013913394e-11, 4.913575111402173e-11, 6.516880560890566e-11, 5.390313352402805e-11, 5.596458610844446e-11, 7.128578503441441e-11, 5.4626961057923865e-11, 4.920592877852612e-11, 3.6378695300725283e-11]
[4.9206799603687576e-11, 4.665305093814126e-11, 4.267090467257471e-11, 5.0647580286412696e-11, 6.556234511351492e-11, 6.712995857263042e-11, 5.312984318712776e-11, 6.662183924322806e-11, 5.660376712468317e-11, 5.4908944438222904e-11, 6.215402978770532e-11, 7.004076755757229e-11, 6.997936680226643e-11, 7.082918762555375e-11, 6.984771061685589e-11, 7.134371577577436e-11, 4.796785907729419e-11]
[4.914410938672875e-11, 5.5468764468774925e-11, 4.698545337988989e-11, 4.627630228913329e-11, 6.29703115522763e-11, 4.2270752442572945e-11, 5.2996453293476966e-11, 5.197377157413621e-11, 4.873200996588731e-11, 7.179040368948748e-11, 6.925142473659574e-11, 6.917678839284372e-11, 7.178309838047137e-11, 7.102777428558968e-11, 6.880709923111379e-11, 6.933835881168858e-11, 6.121886842008222e-11]
[4.668472279556508e-11, 4.413494464142837e-11, 4.4366857375790756e-11, 7.296171961819827e-11, 4.93171913280807e-11, 4.2879347905434324e-11, 6.884136771938988e-11, 4.661734231730422e-11, 4.63187386144504e-11, 6.895823500635789e-11, 5.553633348666459e-11, 6.13366865685805e-11, 6.51287507568507e-11, 5.915566335260526e-11, 5.600886769936852e-11, 5.5414965086859356e-11, 4.622941275099136e-11]
[7.463463550945569e-11, 4.882294090925367e-11, 7.224628813325541e-11, 4.4759086786493735e-11, 4.240176644439769e-11, 4.609327562537778e-11, 4.4457963318504804e-11, 5.506803397259543e-11, 4.311032112223333e-11, 4.439595134122592e-11, 4.2935230155301546e-11, 4.152083091616315e-11, 7.027275810142282e-11, 5.440359780063701e-11, 5.1262791573733204e-11, 7.267137358040268e-11, 4.6764414230769875e-11]
[5.534235249790128e-11, 6.385613337272873e-11, 5.4867435102198507e-11, 5.392232243857112e-11, 4.9579965309227614e-11, 5.360220667415416e-11, 5.907460107114941e-11, 6.902817477864987e-11, 6.302098799822368e-11, 6.247823285195842e-11, 6.935962778179934e-11, 6.888800972349722e-11, 6.773247707519632e-11, 6.742999626618206e-11, 6.798367609183043e-11, 6.948193059503291e-11, 5.415410801432938e-11]
[6.600668487772609e-11, 4.834313467242522e-11, 6.53582888011186e-11, 5.7360326835774893e-11, 4.281354375845212e-11, 5.139485799954382e-11, 4.553200123321474e-11, 5.208318931746913e-11, 6.225583001324074e-11, 5.316673075415769e-11, 4.276937288108772e-11, 4.016683262977767e-11, 6.566001713195599e-11, 5.234774907930803e-11, 7.021998666384608e-11, 7.080552094874452e-11, 4.137280529785949e-11]
[4.744665532873354e-11, 5.324770285348479e-11, 6.665095821666477e-11, 6.897873406398028e-11, 5.270020502914792e-11, 6.870592466504988e-11, 5.6368225630346056e-11, 5.977875820548448e-11, 5.869150606013521e-11, 7.066624203290081e-11, 6.927227717301854e-11, 6.899561188338807e-11, 6.317253597522607e-11, 6.993303341096534e-11, 7.210895232523718e-11, 7.26568580437313e-11, 4.918333083752536e-11]
[7.330477475762587e-11, 6.61977499947176e-11, 6.603683129879927e-11, 6.651442730324724e-11, 6.91966489389253e-11, 5.015278010739906e-11, 5.1125074071861873e-11, 6.951561856919961e-11, 4.789881724110982e-11, 5.057598971990053e-11, 4.93959889168016e-11, 5.165085731249233e-11, 6.78254886432693e-11, 4.057390760602482e-11, 4.9307735004998303e-11, 6.825244359187776e-11, 5.3159851900634314e-11]
[6.759136358727761e-11, 4.083068776258371e-11, 4.0844889801458904e-11, 5.058469542379687e-11, 5.2952185625286424e-11, 4.8951104216612185e-11, 4.297115995907454e-11, 4.9453700801680913e-11, 6.567580655827718e-11, 6.433470082249568e-11, 5.052852845018391e-11, 6.76785899480874e-11, 6.692433248372566e-11, 6.844379831681352e-11, 6.865704027982742e-11, 6.879216324793611e-11, 4.6112267549681944e-11]
[4.65878728146072e-11, 4.1963407659816983e-11, 7.137669212461764e-11, 4.921693674143821e-11, 4.999180266698951e-11, 6.080892770198608e-11, 6.035135499684087e-11, 5.701026885063872e-11, 4.9060169897604176e-11, 5.4441224362520715e-11, 5.708542376249788e-11, 5.530189246712318e-11, 5.6260487653667696e-11, 5.6087801818270114e-11, 6.082047093698406e-11, 6.093066509920833e-11, 5.742331423617713e-11]
[5.804380946054776e-11, 5.2532981944806465e-11, 6.900833382097343e-11, 6.425434943366551e-11, 5.897873169978199e-11, 7.114787602087231e-11, 5.0300328414587064e-11, 6.887861003736125e-11, 4.933261736786642e-11, 6.831151939826813e-11, 4.6690560543001436e-11, 4.913008987025128e-11, 5.191114983869512e-11, 5.999911264171412e-11, 4.4710830937944156e-11, 5.692009398149974e-11, 5.860506338798919e-11]
[5.7741224818779684e-11, 6.080387475906495e-11, 5.772945178031073e-11, 5.640548597213331e-11, 5.7091683649353566e-11, 5.5496732140628326e-11, 5.4882801022926186e-11, 6.057270579763626e-11, 5.467194879044254e-11, 5.110940397135533e-11, 5.0774329368373545e-11, 5.89677634086945e-11, 6.095930397001695e-11, 6.103662939031917e-11, 6.138643565106181e-11, 6.233417382309708e-11, 4.429170180564606e-11]
[7.24195284539295e-11, 6.746071803175736e-11, 7.189646715323614e-11, 6.704444328570814e-11, 6.815915529929444e-11, 5.62612360123849e-11, 5.360507955500428e-11, 5.057599522490077e-11, 4.8453521747668666e-11, 7.158999439840997e-11, 5.2339832032391866e-11, 4.501236419497202e-11, 5.091010521525722e-11, 4.9591825945222614e-11, 4.8493201851375366e-11, 3.8697302753771577e-11, 6.37103644436414e-11]
[4.3555651886667784e-11, 6.015649314451595e-11, 5.8022695143762105e-11, 5.958765819301036e-11, 4.3024847016713996e-11, 4.43041673766841e-11, 4.5153090439604e-11, 5.1305960299925346e-11, 4.951865706270798e-11, 5.6975300988038543e-11, 6.324564751599336e-11, 6.226142975424954e-11, 6.739654667513382e-11, 6.630845643415567e-11, 6.817203030546545e-11, 6.832310800583235e-11, 5.617797244863519e-11]
[5.34609781558034e-11, 4.831929286682981e-11, 4.916155505035678e-11, 5.659288561760799e-11, 5.5832578119649935e-11, 5.162679367102964e-11, 5.916344781760388e-11, 5.554244901052934e-11, 5.729683377270039e-11, 5.218888462152854e-11, 5.722640502865556e-11, 7.160841011627044e-11, 5.883229759198671e-11, 5.92383352912794e-11, 7.184411911075846e-11, 7.206591039812512e-11, 4.969602451024876e-11]
[5.952813832476848e-11, 5.908417823478957e-11, 5.684025494751068e-11, 6.206963914694698e-11, 6.050534425827714e-11, 6.426198801238349e-11, 6.1031631750938e-11, 6.24560164977879e-11, 5.795158882896194e-11, 4.882549306338266e-11, 4.85732988825168e-11, 5.503601435790168e-11, 5.4717443522220934e-11, 5.804638124088104e-11, 4.863824982855034e-11, 4.2139487208637695e-11, 5.543753379754477e-11]
[6.449705067629206e-11, 5.3995731668428044e-11, 6.12605333918024e-11, 6.448694749532238e-11, 4.670427561151095e-11, 5.4989936861193404e-11, 4.9983335063002416e-11, 6.728837652191171e-11, 6.645617639334134e-11, 4.8108666575545874e-11, 5.115573503866949e-11, 6.614775241902533e-11, 4.671391640264054e-11, 4.512998412768778e-11, 4.8127706063868677e-11, 5.2913371170794723e-11, 6.338883230548319e-11]
[6.116113561879214e-11, 6.381780551061303e-11, 6.187527578646013e-11, 6.382662970471831e-11, 5.903707663010905e-11, 5.690587187570984e-11, 6.555521679977123e-11, 5.5506356329098e-11, 5.145440345154982e-11, 5.622209267573942e-11, 6.492410000652353e-11, 6.399431133639785e-11, 7.057128076299296e-11, 7.204712369736905e-11, 6.379597995276975e-11, 6.395423174864691e-11, 4.742597213310427e-11]
[6.706307483698684e-11, 6.785910018781809e-11, 6.501764870147587e-11, 5.74861051402561e-11, 6.63382341447617e-11, 6.736902576199246e-11, 5.578536039026192e-11, 6.004418637752812e-11, 7.113218754162077e-11, 6.744170423720075e-11, 6.444756988134558e-11, 6.32969583434853e-11, 7.20760873525914e-11, 7.037013569350964e-11, 6.68755901416665e-11, 7.44111316542415e-11, 6.40314023239128e-11]
[6.657490093711263e-11, 6.97808689354423e-11, 7.330536900710464e-11, 5.3239624354000975e-11, 5.792824044310403e-11, 5.432058840567507e-11, 5.5506289034745974e-11, 7.341241375001625e-11, 5.525870708202929e-11, 6.715661221428954e-11, 6.634300346463911e-11, 5.85535349340383e-11, 6.523087410493751e-11, 6.933885903643814e-11, 6.815887108382519e-11, 7.380976640330863e-11, 5.835687907277533e-11]
[6.204705412725655e-11, 6.758543703506588e-11, 7.19920473536362e-11, 7.122783669679005e-11, 6.131493877712983e-11, 6.90134507377522e-11, 6.355789623940924e-11, 6.406060289290177e-11, 6.378343978973064e-11, 6.664619709575704e-11, 6.901442827612585e-11, 7.175060616690238e-11, 6.66963319464967e-11, 7.223241202055408e-11, 7.235245318916663e-11, 6.741594059523234e-11, 5.999096461618617e-11]
[5.3361019894962116e-11, 5.4848357138264595e-11, 5.016070775519858e-11, 4.9791136320694085e-11, 4.6075292559222775e-11, 5.24274181343881e-11, 5.217658072102222e-11, 4.9020173872700735e-11, 5.650513284137164e-11, 6.81994799396093e-11, 5.0465721692501715e-11, 5.261934386979016e-11, 6.904116405567213e-11, 6.640926243074497e-11, 7.120063279728881e-11, 7.146474620613134e-11, 3.8740293171530474e-11]
[6.196327435525311e-11, 6.709019626227781e-11, 6.549536115288517e-11, 5.8282527555371e-11, 5.048749838503482e-11, 4.884698425414792e-11, 5.5308485029009326e-11, 4.7040838511619047e-11, 4.6489607721933523e-11, 7.024517938867677e-11, 5.26750141068124e-11, 6.647866891743851e-11, 7.30943777946818e-11, 7.236014389977948e-11, 6.653707570200471e-11, 6.594365207323298e-11, 6.823677504063193e-11]
[6.940231853772994e-11, 7.034434284358871e-11, 6.800980535959196e-11, 7.252199688819802e-11, 7.281865422131008e-11, 6.119212781576054e-11, 5.90297951218964e-11, 6.082249740752333e-11, 6.291177096273691e-11, 5.757513291088809e-11, 6.2168341769966e-11, 6.322295424137764e-11, 6.6900442707383e-11, 6.682143900924352e-11, 6.05484547013274e-11, 6.886262369050988e-11, 6.912341768521317e-11]
[5.790116010521148e-11, 5.376852099415681e-11, 5.443711224072367e-11, 6.501867561579938e-11, 7.059927225817997e-11, 6.027834512246345e-11, 6.012800109470403e-11, 6.261142304327042e-11, 6.452167046062148e-11, 5.877821326017909e-11, 5.6383979029230385e-11, 5.937790040299983e-11, 5.617897783721929e-11, 5.6417070563360926e-11, 6.966277546972506e-11, 7.188412885932244e-11, 4.869703314917477e-11]
[4.654987805257944e-11, 4.712987381875133e-11, 4.403571456626987e-11, 5.802918506530221e-11, 4.7531140662531554e-11, 4.392138211544911e-11, 5.007939870419851e-11, 5.226073899741155e-11, 5.038558270670916e-11, 5.606430746877121e-11, 6.523389924116603e-11, 5.62000210641687e-11, 6.264663283338133e-11, 6.864164948180162e-11, 6.399896318419194e-11, 6.944606311333836e-11, 5.737776740519365e-11]
[6.571198477289327e-11, 6.588641240376874e-11, 6.813901015028281e-11, 6.9659791186964e-11, 6.963630191983767e-11, 4.7777763428812636e-11, 4.583426230085913e-11, 7.090850115613157e-11, 4.750516046835663e-11, 4.6835211415537326e-11, 6.032614355301729e-11, 4.157205974883125e-11, 4.569960972895531e-11, 5.190338835283983e-11, 5.967647253907835e-11, 5.5616234430178976e-11, 5.2045174584361314e-11]
[5.694486749595867e-11, 7.196970380958418e-11, 7.477273326763275e-11, 6.226184341016474e-11, 5.2552801163663484e-11, 7.204745401955751e-11, 7.097674188713987e-11, 5.031859781156151e-11, 4.8199976308080335e-11, 6.077916361621383e-11, 5.02761471175159e-11, 4.999661328408421e-11, 6.986393637633717e-11, 6.55892523819219e-11, 6.619887242716474e-11, 6.646651350183752e-11, 6.006538117562192e-11]
[5.626065876327762e-11, 5.45267230684359e-11, 5.464262124152479e-11, 7.226485063948967e-11, 5.87325988511732e-11, 7.081326780513342e-11, 6.018373159986339e-11, 6.24142833516173e-11, 6.85223945482597e-11, 6.098596669765577e-11, 6.440079134089302e-11, 6.724959135385068e-11, 6.912109900952474e-11, 6.667785966821684e-11, 6.840317284858087e-11, 6.422679392848828e-11, 6.074299043961019e-11]
[5.656719139013022e-11, 7.14398342765987e-11, 5.410381423623656e-11, 6.919944960588734e-11, 5.4008428942439894e-11, 7.031073487616269e-11, 5.737194992595745e-11, 7.061478571153697e-11, 6.67775643167592e-11, 5.0031555644522305e-11, 5.0761303186036335e-11, 6.689018993687462e-11, 4.6852608969995476e-11, 4.4710265855645304e-11, 5.26754443883874e-11, 6.528715006643091e-11, 7.135373246488648e-11]
[4.90026642285023e-11, 4.908428654242441e-11, 4.8278023704699097e-11, 4.468707074773304e-11, 5.4203172554987655e-11, 5.1903400313007155e-11, 5.313953000680856e-11, 5.027771087939295e-11, 6.113957866618241e-11, 5.786037444950731e-11, 5.2830831507063546e-11, 4.93886755663135e-11, 6.413819356664468e-11, 6.70911983104883e-11, 7.561811519689545e-11, 7.130252867165598e-11, 4.4251263246953565e-11]
[6.122879531306324e-11, 5.8111670037376396e-11, 6.467659805472167e-11, 6.228223829530118e-11, 5.463783517280701e-11, 4.4393208240402485e-11, 4.3968629562332904e-11, 6.143247679698256e-11, 4.4125611374667775e-11, 5.2283941117444266e-11, 4.9437625360928924e-11, 3.7848211086454473e-11, 7.518016425927458e-11, 4.9407922594080667e-11, 4.6436979564120735e-11, 3.712419285485031e-11, 6.639696191887276e-11]
[6.890712115106807e-11, 7.73981324210413e-11, 4.9973268652002166e-11, 6.148862722800988e-11, 5.387933559064488e-11, 4.993800795383101e-11, 6.962701984957123e-11, 5.914758839736714e-11, 6.237466296631997e-11, 7.125101467423996e-11, 7.098740499153051e-11, 5.64220742121351e-11, 5.419338028571789e-11, 5.439122963651844e-11, 5.4090309667018976e-11, 7.384510356666038e-11, 6.26455658384015e-11]
[6.609617438856898e-11, 7.40851105541451e-11, 6.300777573426499e-11, 6.529718421330252e-11, 5.7795660092679047e-11, 6.199899248361941e-11, 6.537310133844807e-11, 5.92141185945654e-11, 6.947950180755767e-11, 5.917695436016533e-11, 6.770082926420574e-11, 6.366641753242575e-11, 6.662303583066517e-11, 6.106620604890449e-11, 6.586663079950822e-11, 7.219286587812857e-11, 5.801754897672407e-11]
[7.005712448826105e-11, 6.874748707886435e-11, 6.684520675146567e-11, 6.783772340913947e-11, 6.81486563099023e-11, 6.765529927704452e-11, 6.382721425260296e-11, 5.6499172538032035e-11, 6.316709239128362e-11, 6.386369713752482e-11, 5.925969735230245e-11, 7.383207062037868e-11, 5.730882942737603e-11, 6.462200651417538e-11, 6.723688380343241e-11, 6.37038070139695e-11, 6.994166162110188e-11]
[5.6825625454057255e-11, 4.8553085965154307e-11, 4.769213990618613e-11, 4.6750910808907206e-11, 5.639255407811714e-11, 4.7740607179886176e-11, 5.1989892128463503e-11, 6.050130269538076e-11, 6.599208238181011e-11, 6.821566644712305e-11, 6.671676985181771e-11, 5.874200137108155e-11, 7.399679167738898e-11, 6.751216184536942e-11, 5.782665995214707e-11, 5.412520403316821e-11, 6.448063342977147e-11]
[5.108142661525894e-11, 4.368414545605431e-11, 4.630763676021396e-11, 6.66546092113065e-11, 4.217655416851547e-11, 4.522071157943298e-11, 5.781767517769792e-11, 6.543012857783985e-11, 6.58824122115143e-11, 4.488544116456669e-11, 4.6285476067236854e-11, 6.215842171090919e-11, 6.514016791281816e-11, 7.322360835892488e-11, 7.268788686455602e-11, 6.455629412167146e-11, 4.821972447093624e-11]
[6.099033356719108e-11, 6.004185685896472e-11, 5.57688288004507e-11, 5.7005142170992326e-11, 5.153942294197294e-11, 7.468733120828287e-11, 5.737815547161801e-11, 5.468997045009734e-11, 7.461146941303831e-11, 4.9622076442355624e-11, 5.970061077850145e-11, 6.452998898625842e-11, 5.12536121089348e-11, 5.263230970513438e-11, 6.452980987607134e-11, 7.12535862730238e-11, 5.759831064302735e-11]
[6.68884544982767e-11, 6.599807560952818e-11, 7.444786668365986e-11, 6.748923822687486e-11, 7.283473465577616e-11, 5.28886282483481e-11, 4.661258799119637e-11, 5.385799968614055e-11, 5.023578415202194e-11, 4.889838998023389e-11, 5.938338081690305e-11, 4.283707143036724e-11, 4.465062199275399e-11, 5.2180133322189124e-11, 5.843288264298053e-11, 5.652663750949417e-11, 5.147143249289083e-11]
[4.3024523734584494e-11, 4.8899991069101914e-11, 4.254648308086573e-11, 6.484640365891618e-11, 6.242608367537763e-11, 4.4956947314429815e-11, 5.0560594433033753e-11, 5.7033797273524715e-11, 4.705456238533426e-11, 4.099282493879302e-11, 5.518808571853334e-11, 6.218644102441054e-11, 5.6969239873700266e-11, 6.803972676850307e-11, 6.847109936660919e-11, 7.463354583944344e-11, 5.0488031885851977e-11]
[6.640293553807766e-11, 6.61171740993834e-11, 7.493217837381693e-11, 5.705568739782916e-11, 6.2994267422211e-11, 5.826065061356232e-11, 6.728096641442112e-11, 6.847824189420285e-11, 6.691972027797184e-11, 6.628129720068898e-11, 6.594342758774986e-11, 6.200457040281639e-11, 7.192510393252968e-11, 7.142971984780558e-11, 7.027781103339708e-11, 6.342668735084145e-11, 6.318236882365324e-11]
[5.311529611192945e-11, 4.56502192896275e-11, 4.872599843857813e-11, 5.4878861496975777e-11, 4.563416503684843e-11, 4.901871179804589e-11, 5.028679317745855e-11, 4.5452690578493463e-11, 4.5112838969404687e-11, 5.130139369643662e-11, 6.817871775117991e-11, 6.945803716121056e-11, 5.045791368838126e-11, 6.91370354453919e-11, 6.376714273734887e-11, 7.535997027258712e-11, 4.676407519403279e-11]
[5.176979850854538e-11, 5.478060609309085e-11, 5.2250349446207384e-11, 7.07539890803348e-11, 4.074245663434026e-11, 5.6240566765544556e-11, 5.1848526773292325e-11, 4.465145472561992e-11, 5.662546552036795e-11, 4.4782562214007533e-11, 4.998449940350143e-11, 7.097955529921818e-11, 5.562889643382921e-11, 6.990835221053242e-11, 6.780838577571609e-11, 6.790015219573136e-11, 4.3565157250355687e-11]
[6.511619727224118e-11, 6.656279872840267e-11, 7.174731629360941e-11, 4.722162040101591e-11, 4.484573730437926e-11, 4.909245053161912e-11, 6.285344104352085e-11, 6.564100630599395e-11, 5.9213714880612e-11, 4.1797586901579695e-11, 5.642640647968375e-11, 6.118811993036077e-11, 4.429344154244968e-11, 4.503930815446319e-11, 4.537943111287434e-11, 5.091617011920274e-11, 6.336311826095626e-11]
[4.636956073576538e-11, 4.2588877002976315e-11, 4.5841057036386476e-11, 4.2017335904028374e-11, 4.172203732549255e-11, 6.357930999157402e-11, 5.922240332906433e-11, 5.941980690259447e-11, 5.4407034127524086e-11, 5.882184772386609e-11, 5.445836092821206e-11, 7.017317137148505e-11, 7.061741724838984e-11, 6.964533844841708e-11, 7.579085211685745e-11, 7.195419956566076e-11, 5.428685222645818e-11]
[5.1262926677245094e-11, 5.991964671746532e-11, 6.03586131376749e-11, 5.191176453548825e-11, 5.694316747525822e-11, 4.820857919009194e-11, 4.6440627376714785e-11, 5.427013222649495e-11, 5.008249296904707e-11, 4.439721582039554e-11, 4.777109205897568e-11, 4.808251901630863e-11, 4.266208860172585e-11, 4.8294696954711996e-11, 5.2618116649339844e-11, 4.9520874665125236e-11, 6.234240015477828e-11]
[5.2976700486525524e-11, 4.849143333291452e-11, 4.6594941877819685e-11, 5.4634131647919474e-11, 4.724870698895083e-11, 4.9081747488472874e-11, 4.600216453401816e-11, 5.188277864650556e-11, 5.619849738145779e-11, 5.732847533263575e-11, 5.1246620671954424e-11, 5.0879145971294184e-11, 4.9059456485694677e-11, 5.3285620721338655e-11, 5.993049058161687e-11, 5.059620017834999e-11, 6.397288552269897e-11]
[7.255768506936754e-11, 5.7937270385582284e-11, 6.380439012534357e-11, 7.304133773250831e-11, 5.031712016200912e-11, 4.1281942599515345e-11, 5.006872442443155e-11, 6.931244311242647e-11, 4.46926296308277e-11, 4.2965764604516386e-11, 4.720022570288729e-11, 5.2337803218753485e-11, 5.142484787272373e-11, 6.752535182198029e-11, 6.625428345681628e-11, 5.7269420758579805e-11, 5.130761310904274e-11]
[6.362121047839043e-11, 6.010878118970657e-11, 5.336991381977539e-11, 6.99280469839379e-11, 6.089746953038067e-11, 5.846890897047838e-11, 7.102517661565242e-11, 5.3658237579432363e-11, 5.369851026440322e-11, 6.326648756560493e-11, 6.936658173625833e-11, 7.155237887227096e-11, 6.639618669560396e-11, 6.955564897821243e-11, 6.88989959431373e-11, 7.293343895450544e-11, 5.921990398359609e-11]
[5.1406074621121555e-11, 4.673973231869037e-11, 4.69023731662403e-11, 4.225450543982531e-11, 4.2663995817281526e-11, 5.6961848216091445e-11, 4.522173602133519e-11, 6.25870782308247e-11, 5.254944352957575e-11, 5.698439578521292e-11, 5.732195797264478e-11, 4.495977800303283e-11, 6.370898130642212e-11, 4.284826933025385e-11, 7.09744157454958e-11, 4.519609466517629e-11, 3.89762244296636e-11]
[4.790342177261412e-11, 5.025843316352408e-11, 7.175917277386659e-11, 7.350523040683908e-11, 5.12194573456466e-11, 5.4845726287000496e-11, 5.021035068205682e-11, 5.2036074125908396e-11, 6.703122146180439e-11, 6.91443699253445e-11, 6.981312453298062e-11, 6.184263717487929e-11, 5.8054700655292664e-11, 7.024121647701832e-11, 5.88196012106539e-11, 5.639719036429215e-11, 5.098184502285131e-11]
[7.623058233092718e-11, 6.275487862851251e-11, 6.795910550343644e-11, 7.139616981203011e-11, 6.335517616308607e-11, 6.740426852636634e-11, 6.653152283445492e-11, 6.651013642312803e-11, 6.536674633469136e-11, 6.007475544019495e-11, 6.801005913911825e-11, 7.311606880676198e-11, 6.609316553428418e-11, 6.207137278816465e-11, 6.191185209887082e-11, 7.624337032456364e-11, 6.024385478305774e-11]
[5.743298407706988e-11, 5.593282255699007e-11, 5.231744498075327e-11, 5.595451312300032e-11, 5.864166254244251e-11, 6.268118630385378e-11, 5.5439139433826794e-11, 6.108778189454916e-11, 5.5431895309383965e-11, 5.6896144720222336e-11, 6.122234601277342e-11, 7.025357717583867e-11, 6.95108390346719e-11, 6.686990831867062e-11, 6.521394619592259e-11, 7.093926649956878e-11, 6.070677924158926e-11]
[6.169239274128838e-11, 6.195637528157597e-11, 7.074376912491915e-11, 6.892431611022955e-11, 6.948957121911154e-11, 6.053775088664749e-11, 7.016242601285791e-11, 6.881441503076715e-11, 5.0653054224462593e-11, 5.330974279631562e-11, 6.869181955329208e-11, 6.759556676020009e-11, 5.4286435370615105e-11, 5.7103029876215937e-11, 5.759905162707502e-11, 5.437676030758608e-11, 4.3991077600299145e-11]
[7.05997640414373e-11, 6.208837111421813e-11, 5.708495291033185e-11, 6.190699839457005e-11, 6.715221959014727e-11, 6.819355856489937e-11, 6.082989276452191e-11, 6.873813592570133e-11, 6.422781695584244e-11, 6.766519921008497e-11, 6.693026413735491e-11, 6.293830401294187e-11, 6.600324385495739e-11, 7.021568973296188e-11, 6.568238097637992e-11, 6.935592872494615e-11, 5.7248756268629355e-11]
[6.384336829431527e-11, 4.7171176675219454e-11, 5.2494190924595734e-11, 4.775873034775134e-11, 6.996744692717194e-11, 7.193385540282911e-11, 4.325160628329853e-11, 4.1838989863288506e-11, 3.830752946642557e-11, 5.239314905951207e-11, 4.641696063557236e-11, 6.932794797888704e-11, 5.507832671320727e-11, 4.974787365254811e-11, 5.547379422405483e-11, 7.220451061305435e-11, 4.488871628612176e-11]
[5.354058888446675e-11, 6.830376167103379e-11, 5.344747146598044e-11, 5.108927788559288e-11, 5.390777463084416e-11, 5.8190714490274085e-11, 4.4713310281619247e-11, 4.566994970090302e-11, 4.3937673908895924e-11, 4.034328630809233e-11, 5.13398654312708e-11, 4.720922841677744e-11, 6.982178098819548e-11, 5.020474127505129e-11, 5.544969447163219e-11, 6.622679977294106e-11, 5.204826880383662e-11]
[4.433992109176638e-11, 4.554245603493608e-11, 6.950195502060662e-11, 5.5282351564169504e-11, 5.147403753636406e-11, 5.14209755362677e-11, 4.4643660827986965e-11, 5.945793265195204e-11, 4.738839758680952e-11, 4.6802783164916705e-11, 6.711263279098189e-11, 6.559331870765283e-11, 6.226187909109879e-11, 7.564863212379729e-11, 7.182681986677319e-11, 6.17226181084564e-11, 3.725912381023645e-11]
[4.857973708548543e-11, 6.959842768382656e-11, 7.155888110412042e-11, 5.2572459311509514e-11, 6.996765885832988e-11, 5.342320251222825e-11, 5.050282593075703e-11, 7.044516762386804e-11, 7.022038412054555e-11, 5.4733794086453965e-11, 6.551686390361272e-11, 6.985552627607664e-11, 6.756930823147395e-11, 7.20709877849662e-11, 6.998550825307255e-11, 7.136707666906981e-11, 5.985494011928308e-11]
[4.9328418971865323e-11, 5.567020902873874e-11, 6.80999602544611e-11, 5.6118530336218734e-11, 6.140278818854312e-11, 6.909625778668418e-11, 5.436642972911103e-11, 6.769355392565524e-11, 5.252434920529444e-11, 5.1537887850766406e-11, 6.901568063843685e-11, 6.010931015835109e-11, 6.926797144507968e-11, 6.960557534729667e-11, 6.872671439923484e-11, 6.876884574808236e-11, 5.191504154899199e-11]
[5.797370169583009e-11, 5.686740444710966e-11, 5.4604521550753205e-11, 5.888810198195277e-11, 6.550910947362768e-11, 4.83348833228276e-11, 5.621652943704038e-11, 5.288799931545617e-11, 4.88997979181289e-11, 5.3836821288331715e-11, 6.965771253008806e-11, 7.119144780586913e-11, 6.815152466313297e-11, 7.188191106372851e-11, 6.864525472383546e-11, 6.959735232680825e-11, 5.487237808605986e-11]
[6.957516511687443e-11, 4.9371613383714714e-11, 4.564859179332403e-11, 4.801272785978729e-11, 4.692710316905575e-11, 5.35410639387842e-11, 5.5930710561397953e-11, 4.739883292790173e-11, 7.140022742589704e-11, 6.401928001639871e-11, 5.941147091438933e-11, 6.777472602326018e-11, 6.908205565253148e-11, 7.35501471846617e-11, 5.973949845489393e-11, 5.783550405017352e-11, 6.183789011813871e-11]
[7.169978570965435e-11, 5.881464418919839e-11, 6.969660757083445e-11, 6.952536276084869e-11, 5.443352398674848e-11, 5.477719691827185e-11, 6.422019632031419e-11, 6.767034944930233e-11, 5.637980187708331e-11, 6.632512664717857e-11, 4.58899208731185e-11, 5.152343172418066e-11, 5.036796700631308e-11, 5.0248200923491024e-11, 4.829932959546134e-11, 5.376141683085638e-11, 6.086722330047599e-11]
[6.011971665067734e-11, 5.868461627355923e-11, 5.834687275035178e-11, 5.588769599860331e-11, 5.1527837754089067e-11, 5.550201887630229e-11, 5.4800305322432065e-11, 6.933259584837993e-11, 6.527900616065521e-11, 6.421103937891199e-11, 7.157885892125709e-11, 6.475117493027574e-11, 7.168697369187429e-11, 7.356966429127778e-11, 7.112110771866709e-11, 6.999487070175296e-11, 4.9690085513483257e-11]
[5.171688093659684e-11, 5.19110641328014e-11, 5.104583939232719e-11, 4.956350385901517e-11, 4.790021408498754e-11, 5.105876934226096e-11, 4.0902203142414905e-11, 6.960939826397204e-11, 5.058167657045585e-11, 4.7155052613334645e-11, 6.607875608494001e-11, 5.601009377104514e-11, 6.87496786107798e-11, 5.7456781657416795e-11, 7.120327728811834e-11, 7.560036199454701e-11, 4.806395461650472e-11]
[6.483899990123908e-11, 6.466309326960111e-11, 6.490298962338774e-11, 6.485399995133872e-11, 6.834740332939495e-11, 5.239394612940552e-11, 6.400478957861601e-11, 6.887478443624257e-11, 5.755931883417856e-11, 5.5124203464248265e-11, 6.953326182392495e-11, 6.948121117799537e-11, 6.813928476608037e-11, 7.367392836160089e-11, 6.85688221854507e-11, 6.795425670405922e-11, 5.414096381260758e-11]
[7.271420600106863e-11, 6.270758491762618e-11, 6.458450267619367e-11, 6.825801285484025e-11, 6.485907968682739e-11, 6.638021259993409e-11, 5.954279829914266e-11, 4.961674585940652e-11, 5.3197535378713955e-11, 6.133048809729008e-11, 4.867908179794041e-11, 4.358982168996023e-11, 4.5454040011162804e-11, 4.719742651362904e-11, 4.47183454526323e-11, 3.501622214436816e-11, 5.781755963204703e-11]
[4.999369857756568e-11, 4.7897610153639894e-11, 5.067990450913965e-11, 4.331408767846948e-11, 5.1226844608746176e-11, 6.307161506711343e-11, 4.062936020635283e-11, 4.604392416899511e-11, 4.372100033956481e-11, 4.423768526824902e-11, 7.368128027195865e-11, 4.8413155473260824e-11, 6.598302449178082e-11, 4.802808100168792e-11, 5.026261280489618e-11, 6.707698439168799e-11, 4.620952887997563e-11]
[7.435073375835556e-11, 6.899017287009514e-11, 5.7609059074572324e-11, 5.241926289221459e-11, 5.352059698588375e-11, 5.736004678310412e-11, 5.857307722760311e-11, 5.7635180741970105e-11, 5.199626976441317e-11, 5.468058097184251e-11, 5.933344140252952e-11, 5.920003508135402e-11, 5.3293793485471316e-11, 5.558999336513375e-11, 6.904349662189761e-11, 7.013649556975856e-11, 4.826170757877851e-11]
[7.21994558617574e-11, 6.598933431262526e-11, 5.840531377468813e-11, 5.5173489113460274e-11, 5.962818290332634e-11, 5.942849123987969e-11, 5.882772135988063e-11, 5.508233891167171e-11, 6.887561258252905e-11, 6.019912190056864e-11, 5.710456236122206e-11, 6.903711829755803e-11, 6.642658130151601e-11, 6.429828599797445e-11, 6.399262157894843e-11, 7.350429553979777e-11, 5.97277827543599e-11]
[5.7060274553929405e-11, 5.388206732219739e-11, 4.913376512332502e-11, 5.333250971474795e-11, 6.114350281455918e-11, 5.067432177557613e-11, 5.8020533817841564e-11, 5.1646992369311095e-11, 6.029386489372703e-11, 5.612773587316963e-11, 6.00298615177753e-11, 7.247801600494495e-11, 6.184649740425936e-11, 7.243887514907865e-11, 7.194788857217895e-11, 7.397079923950175e-11, 4.582014194308261e-11]
[4.7859251713158835e-11, 5.0611418236840264e-11, 7.763412469745716e-11, 4.993719514824282e-11, 5.1969442267743375e-11, 4.87141105595101e-11, 5.682935093790299e-11, 6.936993275862505e-11, 6.115196093283464e-11, 6.444270840895113e-11, 5.870472802503868e-11, 5.6953919301031124e-11, 6.986353293109514e-11, 6.96972482588766e-11, 5.707064823935088e-11, 5.542550857523082e-11, 6.007369810733025e-11]
[4.211484124197154e-11, 4.484947676072932e-11, 5.255014880143163e-11, 5.891094260848466e-11, 4.6072413616551044e-11, 4.693915979969126e-11, 5.124367391835351e-11, 4.779941611853104e-11, 4.3946197422107555e-11, 4.534265404805812e-11, 5.2132688904624705e-11, 4.6177825193533826e-11, 6.532369160241273e-11, 5.1422259815958254e-11, 5.519334761167088e-11, 4.9910185866583874e-11, 4.7038528434154375e-11]
[5.577036907262434e-11, 5.436812167713518e-11, 4.9308612217501464e-11, 4.0479919317499666e-11, 5.6347927086885956e-11, 4.7106614225472474e-11, 7.126862830118627e-11, 6.958560004194574e-11, 4.9719799451617483e-11, 7.303194910600936e-11, 7.248015815778569e-11, 6.511691009680606e-11, 5.0492293902349646e-11, 4.474752957351379e-11, 6.473257101806046e-11, 4.661012285499116e-11, 6.37452018633778e-11]
[4.7426495298571453e-11, 4.516032496151618e-11, 4.242441726514336e-11, 5.087389212186566e-11, 4.916408855556489e-11, 5.139591084122575e-11, 4.6823807193580646e-11, 5.614241805854607e-11, 5.3110945894574844e-11, 6.259866978109548e-11, 5.506846585003639e-11, 7.115856342679262e-11, 6.87481280897868e-11, 7.125219668871422e-11, 7.101687491717714e-11, 7.128503507731668e-11, 3.6245929068240274e-11]
[7.174437501317736e-11, 4.443247943585569e-11, 7.037885670318255e-11, 5.186803634297306e-11, 4.5824993371169004e-11, 4.2896790065484726e-11, 5.575804216726075e-11, 4.302785461358979e-11, 5.1598141297512285e-11, 4.96523235651809e-11, 4.643549117728193e-11, 6.905448912343195e-11, 7.098079220793378e-11, 6.813240745375742e-11, 5.4575224805856714e-11, 7.171949603449456e-11, 5.535668062157748e-11]
[6.914907774735706e-11, 6.489177691011939e-11, 6.148502433116425e-11, 6.607191494459934e-11, 6.844150899737338e-11, 5.537081339458384e-11, 5.959486263076431e-11, 5.945272459740784e-11, 5.4463983503155036e-11, 6.329610007324502e-11, 6.172465525007943e-11, 5.675711045510029e-11, 6.848003784089482e-11, 6.546356342886928e-11, 6.345022118748344e-11, 6.691582207595729e-11, 5.525773972641238e-11]
[7.148653817121501e-11, 6.218853846964714e-11, 7.455274277083269e-11, 5.767875091077357e-11, 6.390214749484214e-11, 7.466427120310878e-11, 6.063754387187779e-11, 5.8108097846320545e-11, 5.994045708105508e-11, 7.087082695394228e-11, 6.536220669798663e-11, 6.316547123855633e-11, 7.041112792298288e-11, 6.677061230535572e-11, 7.034596347983413e-11, 7.180520438657083e-11, 5.2054594235734616e-11]
[6.602825721237508e-11, 5.724646012186425e-11, 6.124918512828408e-11, 6.44862249548871e-11, 4.8972400376028354e-11, 5.612305365008552e-11, 5.428736060802548e-11, 7.116779445980098e-11, 6.150255157466396e-11, 6.06574226792002e-11, 6.060909850099222e-11, 5.838494668773975e-11, 6.263691456850184e-11, 6.724173235529797e-11, 7.5049982551211e-11, 7.81325379465808e-11, 5.911049020121711e-11]
[4.6845416224424145e-11, 4.657952102540339e-11, 5.281216913722954e-11, 4.785459742334565e-11, 4.629080505377343e-11, 4.86084684875988e-11, 5.6166794371724145e-11, 6.103404058801834e-11, 6.098407461780937e-11, 6.948280070193706e-11, 5.945526948530735e-11, 6.139520938538116e-11, 6.765219689633254e-11, 7.069823210472976e-11, 6.901805141382647e-11, 7.058449603332945e-11, 5.152515236724736e-11]
[6.767838326842979e-11, 6.689748019420867e-11, 6.300314213000668e-11, 5.922661743873368e-11, 7.159198513935584e-11, 5.845525082890494e-11, 5.290300850551488e-11, 4.995274386317749e-11, 4.64218135991553e-11, 4.977143774881413e-11, 5.223828750191561e-11, 4.806807476558499e-11, 7.152144559563036e-11, 5.452625306698543e-11, 5.0607905170109266e-11, 4.180619830481209e-11, 5.269995219255062e-11]
[6.451137377958957e-11, 4.740066466074321e-11, 4.603345591869392e-11, 4.613322404920282e-11, 5.604396131957137e-11, 5.041749708142134e-11, 4.8613358323453224e-11, 4.9055658329456594e-11, 4.972408385951944e-11, 5.21630967209273e-11, 4.870534831934215e-11, 4.547737710172416e-11, 4.5032509573823003e-11, 5.811686555204993e-11, 5.88147048872763e-11, 7.701516460962216e-11, 4.8327973220422e-11]
[5.124739171104436e-11, 4.7481768062353825e-11, 3.950921734182149e-11, 4.2276639264631047e-11, 6.68497080298326e-11, 5.753408790746191e-11, 5.201814337289828e-11, 5.8202295929795156e-11, 4.950909414782752e-11, 7.011266716504737e-11, 6.977274778114714e-11, 5.0326966881688786e-11, 6.716883341140199e-11, 7.444109162021622e-11, 7.22933442600693e-11, 6.998560191881467e-11, 5.977341398394778e-11]
[5.3428581397134425e-11, 4.938623102799467e-11, 5.067427368350736e-11, 5.541958756948209e-11, 4.252072886978287e-11, 4.613679980340875e-11, 3.807967562015349e-11, 7.087270041913714e-11, 5.2421260076436357e-11, 6.796892143491681e-11, 7.126653201335345e-11, 5.732684145264403e-11, 7.002359066536494e-11, 6.95656268409409e-11, 6.988593880764652e-11, 5.747596762519571e-11, 4.8577046734976925e-11]
[4.553915224786101e-11, 4.7696275302530946e-11, 4.371132670491653e-11, 6.757668801619873e-11, 4.5681690420860284e-11, 6.909257329594247e-11, 5.1175876574156954e-11, 7.140010091206604e-11, 7.10171412790352e-11, 5.183895250069449e-11, 5.347045808464573e-11, 5.903737112818031e-11, 5.26242751341612e-11, 5.399753735516899e-11, 6.658110911748051e-11, 7.238698148097486e-11, 4.871517318272454e-11]
[5.630966243289507e-11, 4.727249533022909e-11, 4.4804253659340466e-11, 5.605995139424181e-11, 4.7317257632661e-11, 4.700033013270887e-11, 5.5122451006047064e-11, 4.983821229385102e-11, 4.2688579239726917e-11, 4.515097088815289e-11, 4.6569635322149687e-11, 4.4998514917652795e-11, 4.343455484071401e-11, 6.964217658189518e-11, 6.677027954715516e-11, 6.72246080578135e-11, 4.972737360530031e-11]
[3.9595149488212346e-11, 4.045388569538443e-11, 5.6947820618711714e-11, 4.381948154171633e-11, 4.7172657239314375e-11, 6.355508583193204e-11, 5.1124806858587487e-11, 4.671619943386292e-11, 6.087086904550354e-11, 6.545093300882268e-11, 6.606168533966309e-11, 4.3037268552630896e-11, 6.724910393072695e-11, 6.987247438983551e-11, 5.2459027693870886e-11, 6.950773516661067e-11, 5.907487330939472e-11]
[6.574460023452902e-11, 7.346250578633203e-11, 6.399517476215024e-11, 7.377913348977648e-11, 7.177867940425073e-11, 6.424443429354548e-11, 6.968679075204038e-11, 6.309639346844854e-11, 6.80501495807981e-11, 6.602345570829628e-11, 5.5918505339556054e-11, 5.29593914744245e-11, 7.157148926233876e-11, 7.014750517558745e-11, 5.385685937675536e-11, 5.066621590409298e-11, 6.509970485703398e-11]
[6.734498743792374e-11, 5.2978327333304044e-11, 6.746417944983499e-11, 4.625128735989923e-11, 5.607869846754571e-11, 5.7922636652914197e-11, 7.133614136597443e-11, 5.353751292432937e-11, 5.992484916038488e-11, 5.6094074173238145e-11, 7.082429862414346e-11, 5.559696675082988e-11, 5.264061725731756e-11, 6.164682943741288e-11, 5.856258461386369e-11, 6.580071808704755e-11, 5.735918956547318e-11]
