[4.627909270418927e-11, 4.6664326661748774e-11, 4.3127109453674324e-11, 4.478775174156207e-11, 4.9681734247062334e-11, 4.371864257402166e-11, 6.169453675556128e-11, 6.976772523380595e-11, 5.453211507842877e-11, 5.031161321370583e-11, 6.402884027613587e-11, 5.3536127748946837e-11, 5.921595176629132e-11, 6.587510491521724e-11, 5.172408054706475e-11, 6.481362910440331e-11]
[5.7552539031023825e-11, 5.3916830120760755e-11, 5.666599095094726e-11, 5.796114199579392e-11, 5.5442440789332477e-11, 5.599265173472563e-11, 7.124726827849649e-11, 6.936361357683667e-11, 5.692177111848147e-11, 7.02566769311388e-11, 7.33407990040601e-11, 6.99172164717645e-11, 6.855665084738695e-11, 6.816768102929471e-11, 6.899831780437139e-11, 6.283355381971843e-11]
[5.968554286347588e-11, 5.8140908168946696e-11, 6.419117153227003e-11, 4.4298295577516446e-11, 4.343469828271517e-11, 6.387460123814251e-11, 4.7859999615802617e-11, 4.490558841967231e-11, 5.3353240700085576e-11, 5.390576391421436e-11, 5.307571464711667e-11, 4.691475622673412e-11, 5.135040157341686e-11, 5.3814328574395274e-11, 6.05313685024798e-11, 5.752190988219604e-11]
[6.255660577920222e-11, 5.907978454313225e-11, 5.2676630768520775e-11, 5.082514703695972e-11, 4.3473016505524254e-11, 5.912758184486542e-11, 4.845821206656985e-11, 5.6856423634543025e-11, 5.027283660662976e-11, 4.905716656163523e-11, 6.892938286592182e-11, 4.796917577813514e-11, 4.451935598800234e-11, 4.075592334402781e-11, 6.317045635189834e-11, 6.067968371238912e-11]
[5.7840073317280505e-11, 5.4458413013796326e-11, 4.8620278147134275e-11, 5.591999958366129e-11, 5.853173931978757e-11, 4.778065725469021e-11, 5.879128029764706e-11, 5.762753223712877e-11, 5.6034565277633e-11, 5.3133211227920707e-11, 6.150033513604063e-11, 5.968544744706197e-11, 5.080340689243404e-11, 7.171281754806517e-11, 4.955618023655129e-11, 4.714830587697391e-11]
[4.2182892912793204e-11, 4.489673440134213e-11, 5.956587020068263e-11, 6.256403469012381e-11, 5.289993188363594e-11, 5.0510991630471943e-11, 4.3494906651277985e-11, 5.24773479242806e-11, 4.493200656773589e-11, 6.614467208134329e-11, 5.213884594132555e-11, 6.69835010082008e-11, 5.3385198729969374e-11, 5.014826456336627e-11, 5.964499914809964e-11, 5.3329204555451184e-11]
[4.911428527109904e-11, 4.9074170190545566e-11, 5.486494027666963e-11, 4.6933445875348204e-11, 4.6889753218580834e-11, 5.5498192557534796e-11, 4.9214028271375557e-11, 5.284545317581038e-11, 5.208282597054206e-11, 6.534155754812717e-11, 7.070758766044364e-11, 6.819492460810663e-11, 6.615131781749615e-11, 7.088376551729972e-11, 4.191900015592844e-11, 5.2923854721011404e-11]
[5.3599910241972955e-11, 5.628407540645517e-11, 5.5480215673977335e-11, 5.90736160792497e-11, 5.5536605875118515e-11, 5.727945034525195e-11, 5.7404477156598276e-11, 6.931635449760739e-11, 5.373784669949456e-11, 5.255735860006121e-11, 7.02364203604877e-11, 5.0582228001513484e-11, 5.4201586888548336e-11, 7.080464887005051e-11, 5.09548812920123e-11, 6.256176279057602e-11]
[4.253213047609765e-11, 4.498666243761106e-11, 5.584026729118028e-11, 6.095083156845325e-11, 5.4506763809459076e-11, 5.3697832789785265e-11, 4.798156577652324e-11, 5.3578391433302705e-11, 6.435932204022209e-11, 6.08133732116928e-11, 5.016842951598087e-11, 6.765203169357372e-11, 6.841316705708528e-11, 7.171924180028014e-11, 5.472566963897538e-11, 5.863036857700515e-11]
[5.817850881756303e-11, 5.6746534608652976e-11, 5.732022802101577e-11, 4.953224322599545e-11, 5.972846829007513e-11, 6.044643175950303e-11, 4.886012089015128e-11, 4.4242897828477534e-11, 4.1980890355868464e-11, 4.241486455231369e-11, 4.27765962664381e-11, 4.41439261111042e-11, 4.694224374737281e-11, 4.1912445431502104e-11, 5.501573407899431e-11, 6.2325700165457e-11]
[6.79370681204748e-11, 6.065755595323258e-11, 5.744115144001074e-11, 4.985628097347273e-11, 5.174673590649997e-11, 5.662966195658634e-11, 6.42269155510643e-11, 6.240215897884157e-11, 6.074130397563054e-11, 6.032319512301747e-11, 6.675495323626954e-11, 6.285376079422197e-11, 7.130841140695693e-11, 7.012448993516065e-11, 6.686349240930461e-11, 6.825438569374739e-11]
[6.581981345711335e-11, 6.501623258171744e-11, 6.3324012529952e-11, 6.084005244962057e-11, 5.977733116654748e-11, 5.888207422353966e-11, 5.1591170261454204e-11, 4.948924964317887e-11, 5.0056342055961406e-11, 5.428136882184262e-11, 3.9339876198819493e-11, 4.401916143368508e-11, 4.893258709270402e-11, 5.5159206773132554e-11, 7.019245012087905e-11, 6.505462477068202e-11]
[5.6209075596910766e-11, 5.796443229290126e-11, 5.250874408553963e-11, 5.436141258419792e-11, 5.586112401486278e-11, 5.0876788089584995e-11, 6.016646066034968e-11, 5.362498852271435e-11, 6.767113338185159e-11, 5.7995160491767415e-11, 6.630235786218537e-11, 7.41208664451846e-11, 7.416685883938871e-11, 6.919692868059844e-11, 4.779845882447508e-11, 6.705799549856136e-11]
[5.1615917431264933e-11, 5.904377060456796e-11, 6.081565181189909e-11, 5.5545028727008876e-11, 5.295438268927997e-11, 6.122897325433322e-11, 5.863208453608276e-11, 5.5860153274372015e-11, 6.809563459654205e-11, 6.699421916876174e-11, 6.039680870061884e-11, 6.987591124940529e-11, 6.049771916988407e-11, 6.052770643712056e-11, 5.753981264677915e-11, 6.466352918101992e-11]
[6.391099367348137e-11, 6.128242205345984e-11, 6.444914405533058e-11, 6.407315817247364e-11, 6.792678045322958e-11, 6.753343507981328e-11, 5.650139287822683e-11, 6.494990967614906e-11, 6.052536903101578e-11, 6.052963884465743e-11, 6.26213123075023e-11, 6.235910912566976e-11, 6.37580505337181e-11, 6.680455298948982e-11, 7.113982194637847e-11, 5.63618903670603e-11]
[4.192558220449409e-11, 5.3303145131504417e-11, 4.943886514639699e-11, 5.087909332898174e-11, 4.431476789367525e-11, 4.483150065171711e-11, 4.120326950197319e-11, 4.576177379829511e-11, 5.82558382905651e-11, 5.324223507740907e-11, 6.680984986190217e-11, 7.203502855982933e-11, 7.12108845255743e-11, 6.687842098445198e-11, 4.969929081780414e-11, 5.184700835008228e-11]
[6.796554737478133e-11, 6.612954977215814e-11, 6.250720945195109e-11, 5.176847351988395e-11, 4.8214397622410726e-11, 4.6957404303857437e-11, 6.392818535606147e-11, 5.448458297342975e-11, 4.94332769323278e-11, 5.3361768489555436e-11, 4.882952173047367e-11, 4.4378882901695996e-11, 4.7826782002495825e-11, 6.440102318127983e-11, 6.712396589652887e-11, 6.656884555724655e-11]
[6.13132890990842e-11, 5.882597847398214e-11, 6.556404958850531e-11, 6.049669545420677e-11, 4.567880579426239e-11, 4.592311062787347e-11, 5.283512701619022e-11, 6.557587529314507e-11, 6.260041902514797e-11, 5.0629508592909296e-11, 6.535606042055192e-11, 6.613102187717464e-11, 4.056693387942855e-11, 4.488539145659322e-11, 6.586611430821178e-11, 6.128708869935409e-11]
[4.700248511974652e-11, 4.525968554847407e-11, 4.6429405004690606e-11, 6.45402359141117e-11, 4.837975464565331e-11, 4.523667942703275e-11, 6.94690650892413e-11, 6.906071457221075e-11, 5.019249918458719e-11, 6.260318795623287e-11, 7.114585031575281e-11, 7.060028887914887e-11, 7.058875542339419e-11, 6.826376833348192e-11, 6.042464368621475e-11, 5.85043558129241e-11]
[5.992651721277544e-11, 5.875837936413216e-11, 5.6127145689308924e-11, 5.498205091727916e-11, 5.143330518532735e-11, 5.2847908925690383e-11, 5.3406822215941044e-11, 7.172866122463009e-11, 7.150303760745125e-11, 5.807297572151256e-11, 5.6511762720824434e-11, 5.704556865975726e-11, 5.779497036755364e-11, 6.045593468870339e-11, 4.591633480017552e-11, 4.92540009857386e-11]
[6.527525064541595e-11, 6.58312056424639e-11, 6.007033558947025e-11, 5.587972885640483e-11, 6.862502289935986e-11, 4.829693159536066e-11, 4.6946150141493694e-11, 4.9073821134353635e-11, 4.4720480444144724e-11, 4.430921419974915e-11, 4.579666576777718e-11, 4.826134765792179e-11, 4.624728799570601e-11, 4.3879889338594475e-11, 5.5460696487400003e-11, 5.785452120213194e-11]
[5.816611969490044e-11, 5.93112514424207e-11, 6.561203221042998e-11, 5.6981893857324044e-11, 6.310756905902099e-11, 6.192466124044608e-11, 6.523114266714147e-11, 6.726670470392191e-11, 5.6615843033837935e-11, 6.643961527512263e-11, 7.076808087144791e-11, 5.592783708264975e-11, 5.685344193599777e-11, 6.028807268567249e-11, 5.892982134009079e-11, 6.066723444585597e-11]
[6.181376429388586e-11, 5.48997915369871e-11, 6.380823589111678e-11, 6.403901209336378e-11, 6.164618492094952e-11, 5.986302195817536e-11, 6.365008375097896e-11, 5.71484262853309e-11, 6.489064120791924e-11, 5.8055699770580885e-11, 6.420524215066133e-11, 6.911290158287854e-11, 7.045252267646546e-11, 7.158269655751792e-11, 5.665709896233276e-11, 7.290100113687653e-11]
[6.743157379709341e-11, 6.832972087125732e-11, 6.6065273651436e-11, 5.747759329782666e-11, 6.152194314749441e-11, 5.778022498847261e-11, 7.028908413213418e-11, 6.889455141875362e-11, 6.823099444096379e-11, 6.54693641644071e-11, 6.045218707527134e-11, 5.933298777582193e-11, 5.907773822536406e-11, 6.183435642318555e-11, 7.046282108233649e-11, 5.7931045732068603e-11]
[6.241724764048923e-11, 5.076426557240761e-11, 5.911544536298098e-11, 5.816096445295542e-11, 6.327092401960844e-11, 6.09555939883175e-11, 6.448984505641289e-11, 5.764973353173503e-11, 5.452090588814916e-11, 5.513729207033363e-11, 6.167707741288734e-11, 6.461563837688884e-11, 4.864051775710764e-11, 5.223689097000382e-11, 7.187676770208701e-11, 6.268640879812406e-11]
[3.7406882594707925e-11, 4.35528906988613e-11, 4.86373878888757e-11, 3.9786650432799266e-11, 5.84845042340916e-11, 6.084740713542715e-11, 4.7310667101217516e-11, 5.8057923310683035e-11, 4.9189367077298396e-11, 5.1518609005601336e-11, 6.403556683413566e-11, 5.777150816867129e-11, 6.962902486691241e-11, 6.627898170731738e-11, 4.439131928914712e-11, 6.646344047555967e-11]
[5.249100291027645e-11, 5.3071747570715265e-11, 5.3130857583120545e-11, 5.400179118685823e-11, 5.24944647848149e-11, 5.3997637838439e-11, 4.8116272768661285e-11, 4.927446507876561e-11, 5.895923869341258e-11, 5.564318639937207e-11, 5.824106441981982e-11, 7.083289171988074e-11, 7.08718617656574e-11, 5.536677479875961e-11, 4.741842981185629e-11, 7.527857107126415e-11]
[4.712568581012934e-11, 4.6414428409508695e-11, 6.916339673016284e-11, 4.8026990511009023e-11, 5.184448047533857e-11, 6.730533550397444e-11, 6.919668935664016e-11, 6.674450387949667e-11, 4.7511115539278613e-11, 6.808528172249126e-11, 6.572517857329903e-11, 5.67429748357278e-11, 6.057204091522387e-11, 6.536720666740913e-11, 6.214542979687962e-11, 6.341190569935116e-11]
[5.308504862830428e-11, 5.182077653130229e-11, 6.246651814816468e-11, 6.237848188004595e-11, 6.099611815936827e-11, 5.996809417303327e-11, 6.100812005264007e-11, 5.644202090726944e-11, 5.6480478182775114e-11, 6.84996448275423e-11, 6.953903064766404e-11, 6.911048084497919e-11, 7.084207478500869e-11, 7.134814193596944e-11, 6.96609859137471e-11, 6.634216420497927e-11]
[6.069721992445661e-11, 5.905941760229276e-11, 4.2914896326205337e-11, 6.369371580955238e-11, 6.972458536882459e-11, 6.889646526681282e-11, 6.595142656700797e-11, 5.218838356702471e-11, 6.851861646639858e-11, 5.591920253827233e-11, 5.242549618232333e-11, 7.163264080258329e-11, 7.088673946385753e-11, 6.022162090280965e-11, 5.6309121228241704e-11, 6.539004679088317e-11]
[4.7882951322419064e-11, 4.9090196699049346e-11, 6.511713797232e-11, 5.702403422640632e-11, 5.800268737287641e-11, 6.283755036934688e-11, 5.817548383886548e-11, 6.07505893201396e-11, 5.938240255963342e-11, 5.805779396254801e-11, 6.514590812509926e-11, 6.65313012455247e-11, 6.976070694664941e-11, 7.183514442903572e-11, 6.702822193560591e-11, 6.298584802426907e-11]
[5.637755267450616e-11, 5.0277365539656235e-11, 5.775968721035284e-11, 4.826492097373968e-11, 5.0261532591578205e-11, 5.5991988449110284e-11, 5.5968337840294784e-11, 5.361002414272347e-11, 6.491756194284238e-11, 5.458320813643772e-11, 6.405595748430854e-11, 5.472079143105372e-11, 5.4263139255685474e-11, 6.637431538439236e-11, 6.375637135910817e-11, 7.61794858790965e-11]
[6.511918354189488e-11, 5.198115309447219e-11, 4.413992948512759e-11, 6.250114149107245e-11, 5.977293942436519e-11, 5.908474740706565e-11, 4.7904402454785735e-11, 4.922316129536805e-11, 5.5464258455601805e-11, 5.6815400243251566e-11, 5.110584126618517e-11, 5.112863043000984e-11, 5.5217788987052046e-11, 5.679002852634199e-11, 6.748959232120739e-11, 5.912567605030779e-11]
[6.26091842099245e-11, 5.900899541745266e-11, 6.161274720700934e-11, 6.166338852143744e-11, 6.615328742712273e-11, 5.3479105464200014e-11, 5.6644322581457466e-11, 5.54256598978235e-11, 5.641476798341682e-11, 5.784110913956837e-11, 5.494301593904593e-11, 5.575980976788255e-11, 5.092847178495927e-11, 5.530451561803377e-11, 7.157695243568316e-11, 4.89845534790072e-11]
[5.21261416550065e-11, 5.755814498725082e-11, 5.715794353881472e-11, 4.949353032136084e-11, 5.3918095357439734e-11, 5.17532826203905e-11, 5.029032362382871e-11, 4.246210427134313e-11, 4.420083277349819e-11, 5.2471140760579584e-11, 6.763239054377279e-11, 6.913260480022438e-11, 7.106096120638158e-11, 7.086141400142397e-11, 5.486958158342906e-11, 5.583417359022795e-11]
[4.74093051293524e-11, 5.1736600050599707e-11, 4.955025518524691e-11, 4.9464586199179186e-11, 4.8491415075077667e-11, 4.675598301546632e-11, 5.045670297444019e-11, 4.7790007359961545e-11, 4.543076764087426e-11, 7.034323712545629e-11, 4.587341244361994e-11, 4.566856818332949e-11, 6.081040052035183e-11, 7.417985778173978e-11, 5.247945829940465e-11, 5.766649243996521e-11]
[4.530456221141869e-11, 4.532005725278831e-11, 5.588118413028084e-11, 5.402332928948307e-11, 4.3477485527723023e-11, 4.9451151521378965e-11, 5.203423180278032e-11, 5.6772168879743856e-11, 6.65521884451003e-11, 6.753613419475744e-11, 6.868745748538606e-11, 6.88834913534859e-11, 6.8468267572064e-11, 7.097854434070204e-11, 5.4340244892175116e-11, 6.271405818437895e-11]
[4.463865295251882e-11, 4.3788403524768596e-11, 4.68260770079592e-11, 5.382662096537654e-11, 4.2635902930598714e-11, 4.625516557145476e-11, 5.096521246436075e-11, 6.877075017698986e-11, 5.840036727861157e-11, 6.846507636094274e-11, 6.713140524300479e-11, 6.759522240495457e-11, 6.74816004453752e-11, 6.823975291602077e-11, 5.243661530382694e-11, 7.530857929571314e-11]
[6.224472726443949e-11, 5.1797350753419644e-11, 5.942176548234568e-11, 6.039007697974303e-11, 6.542889993097947e-11, 5.892585392635674e-11, 5.04465376316693e-11, 5.5632823108107014e-11, 6.876795684440361e-11, 6.9728226868974e-11, 7.168840424718492e-11, 7.14326274607988e-11, 6.80411623032371e-11, 6.890042612032084e-11, 6.966460158225285e-11, 5.363320231337018e-11]
[4.7784405430750626e-11, 4.898652691783724e-11, 6.196734396883879e-11, 5.0457689310545564e-11, 5.14906336388823e-11, 5.6294722964271555e-11, 5.890133578722037e-11, 5.983401241926787e-11, 5.860122034467043e-11, 4.758784672463708e-11, 4.637869384260031e-11, 5.868826723981055e-11, 6.396264479964478e-11, 6.52118555715979e-11, 5.588553731777012e-11, 6.225384589084617e-11]
[6.289464985826836e-11, 6.661625137596864e-11, 6.600690350964564e-11, 5.971499438479079e-11, 5.6135843346589185e-11, 6.269738194391473e-11, 6.415049032403298e-11, 6.111109135745665e-11, 6.596744489370587e-11, 6.793036523823203e-11, 6.660914291285904e-11, 6.558027948334141e-11, 6.968569499115347e-11, 6.871966853920529e-11, 6.565965964640486e-11, 5.978943540028888e-11]
[5.630027269727512e-11, 5.618159617351445e-11, 5.3668431961501024e-11, 5.323312977545718e-11, 5.611986989787579e-11, 5.906791789179262e-11, 5.930547633296268e-11, 5.408763838076108e-11, 6.349579436770005e-11, 5.042775625457899e-11, 5.485119626308582e-11, 6.986561393057657e-11, 6.130177096817078e-11, 7.094682359089009e-11, 5.553637008696522e-11, 5.4393287475144586e-11]
[5.986437231821814e-11, 6.037981105769624e-11, 5.976095501829297e-11, 5.2800094946355804e-11, 5.113299708555593e-11, 5.084843859517068e-11, 6.086797292975623e-11, 5.2219862725238453e-11, 5.442268170224587e-11, 5.832004615318308e-11, 5.3155239714617033e-11, 5.5326462277917626e-11, 5.447085575525442e-11, 5.011851940574846e-11, 6.690023893245436e-11, 6.113308981036146e-11]
[4.707958366538939e-11, 4.7097835501575254e-11, 5.17110212746736e-11, 5.338586822289135e-11, 4.951766461509962e-11, 5.850329065870808e-11, 6.704860106890414e-11, 6.643081985912163e-11, 5.814481886360256e-11, 7.022679149921259e-11, 7.013244825358963e-11, 6.572796191853516e-11, 6.832000262005517e-11, 7.038522727619462e-11, 5.550959119295964e-11, 7.39119020208648e-11]
[6.586126670223645e-11, 5.152080108505802e-11, 5.0301295773318625e-11, 4.677842553471136e-11, 4.222269746426915e-11, 5.7994486566991703e-11, 6.863640393669252e-11, 4.644648246841273e-11, 6.662505463870916e-11, 5.647508918726136e-11, 4.978525242798081e-11, 7.508977994172973e-11, 7.08521413852508e-11, 5.208500607893052e-11, 6.596931018785982e-11, 6.396402651600492e-11]
[5.429119505755735e-11, 4.5508128224322585e-11, 4.421094949313506e-11, 6.445588135695904e-11, 4.74016967133369e-11, 4.806208241352043e-11, 6.520875985681755e-11, 5.53650728003788e-11, 5.466781385166303e-11, 5.7558040451552086e-11, 5.247400055111954e-11, 5.029874114776487e-11, 5.2800869758995907e-11, 6.801700674327933e-11, 5.3528745465272746e-11, 7.472203138167832e-11]
[6.651213283115034e-11, 6.182480691440123e-11, 6.040480097582977e-11, 6.213159526942398e-11, 5.7784482863054404e-11, 6.097374523621481e-11, 6.868749496695967e-11, 6.238079420522382e-11, 6.513735231027957e-11, 6.997025731631123e-11, 6.642480517966526e-11, 6.169125710760413e-11, 6.138740299911952e-11, 6.100104501519827e-11, 6.844380890077101e-11, 5.669064254384392e-11]
[6.957696677190742e-11, 6.614336306608387e-11, 5.737740624162048e-11, 6.087227011538365e-11, 6.196964620559605e-11, 6.602621461185236e-11, 6.582553883794739e-11, 5.921258175817638e-11, 5.6965431995864567e-11, 7.173457042249256e-11, 6.736166268212829e-11, 7.186868364786012e-11, 7.14950833174412e-11, 7.269574884739938e-11, 7.241234479000829e-11, 6.204175528094525e-11]
[6.018932896210235e-11, 6.034349812118125e-11, 4.665226590215026e-11, 6.467700373400554e-11, 5.518359472020685e-11, 5.3321298158365986e-11, 5.90717017295362e-11, 7.054105600765059e-11, 6.647642880155641e-11, 5.045623345464986e-11, 5.913496457224539e-11, 6.282990729796127e-11, 5.537772168324093e-11, 7.136963485486949e-11, 6.78066296383483e-11, 5.699489944492666e-11]
[4.80134806661209e-11, 4.360835206884446e-11, 4.210504074385702e-11, 5.145952777683736e-11, 4.3004939037127674e-11, 4.9129608863851e-11, 5.3706375250232406e-11, 6.009012599500966e-11, 5.3505922227055536e-11, 7.007388879405698e-11, 7.188873041667812e-11, 5.47657517392238e-11, 7.128789443085348e-11, 5.470005845659632e-11, 4.6871775360108407e-11, 5.778474242611491e-11]
[4.9657142112442465e-11, 5.682740732444067e-11, 5.067355612887231e-11, 5.332503716651127e-11, 5.612451974874565e-11, 5.71367919683207e-11, 5.147323817808617e-11, 5.517682263507416e-11, 6.831861331769758e-11, 5.626977667193284e-11, 5.7964829790803356e-11, 6.21413339443768e-11, 6.963335177133446e-11, 7.12696070459241e-11, 5.886253348281818e-11, 6.83132600669503e-11]
[5.043762263293395e-11, 5.468467474189575e-11, 5.161070272606492e-11, 5.430157215200603e-11, 4.7625892814213634e-11, 4.965102990141381e-11, 5.648218048694749e-11, 6.920127396882323e-11, 5.1373875121139716e-11, 5.649049335843192e-11, 6.795768855487944e-11, 5.3027312874007406e-11, 6.34858735233598e-11, 6.568090411867394e-11, 5.897207649383295e-11, 5.670533846401743e-11]
[7.044009045486194e-11, 5.974099696724131e-11, 6.040436091995215e-11, 6.413822480178963e-11, 5.493318893860758e-11, 6.3979171562504e-11, 5.486102809627328e-11, 6.497889447161148e-11, 6.695948284035816e-11, 5.959175060775277e-11, 6.98570533893927e-11, 6.594942956440422e-11, 5.492655272790675e-11, 5.519892515919496e-11, 7.307989323954322e-11, 6.498301908995488e-11]
[6.641555786883371e-11, 6.084968079293694e-11, 5.479628164032326e-11, 6.008446037098084e-11, 6.259760500719871e-11, 6.249141380007285e-11, 5.85062409293526e-11, 6.121691672143357e-11, 6.999080243417033e-11, 6.956606335385574e-11, 6.917633184900538e-11, 6.970523055682501e-11, 7.018064601384833e-11, 6.995344965434272e-11, 6.143129260862238e-11, 7.320091235815183e-11]
[5.932854267575644e-11, 5.740644004688672e-11, 5.5991154493526765e-11, 5.844488311801436e-11, 5.674461240787485e-11, 5.239263239946815e-11, 6.268473377975494e-11, 6.028662787320809e-11, 6.932294692732939e-11, 5.1610419347104714e-11, 5.5896030151585795e-11, 5.76854209743779e-11, 7.106539253187752e-11, 5.678738849934684e-11, 4.899085371500077e-11, 5.943626223518971e-11]
[5.3360868058504204e-11, 5.568575557093974e-11, 5.681733844665874e-11, 5.245423016488801e-11, 5.312996025490683e-11, 5.865846689059374e-11, 5.478973297445245e-11, 5.345952335433522e-11, 4.9517311746617634e-11, 5.798471402538874e-11, 7.019328669131118e-11, 6.906040056944402e-11, 6.713396095940709e-11, 7.289185783386092e-11, 4.580046550322243e-11, 5.306168470807491e-11]
[6.760276911619049e-11, 4.7993064779509533e-11, 4.3636969114828275e-11, 4.8266463607811e-11, 4.920670270328988e-11, 4.945992009530765e-11, 5.5546203077577725e-11, 6.666439819649992e-11, 5.7086003791443773e-11, 6.771853116452353e-11, 7.013942992934772e-11, 7.283296981463148e-11, 7.143789734090634e-11, 7.000078001854309e-11, 5.4486452170360915e-11, 5.95166916350896e-11]
[4.285633078929645e-11, 3.9453668712814086e-11, 4.619911982987854e-11, 4.363855606614397e-11, 4.835343408035039e-11, 4.525092607947407e-11, 4.8217454176976293e-11, 5.975123838275216e-11, 5.423414626401079e-11, 6.797942793674599e-11, 6.988303387747689e-11, 6.77044336376577e-11, 6.802095540577283e-11, 6.779292864695362e-11, 4.6409718030742035e-11, 6.039990612444281e-11]
[5.877111269371616e-11, 6.429358633540268e-11, 5.7989018537916367e-11, 4.5573326649877555e-11, 4.792467471181413e-11, 4.8771464382440896e-11, 4.968584010543269e-11, 5.6438308261875275e-11, 5.211890878385174e-11, 5.121434292756808e-11, 5.4385051654196155e-11, 4.979057994085071e-11, 5.0303356327070686e-11, 5.960309354399413e-11, 6.324690516901536e-11, 6.693969052865178e-11]
[6.323776845029902e-11, 6.479993065586371e-11, 6.147561937571386e-11, 6.058980049442847e-11, 6.444259135996543e-11, 6.272345825032133e-11, 6.36993659195462e-11, 6.707770048517147e-11, 6.308713066662414e-11, 7.045296952598953e-11, 6.779205468365375e-11, 6.817210163918961e-11, 7.28385024384024e-11, 7.139425413133029e-11, 6.449343770379114e-11, 6.692331589507728e-11]
[5.4573356527347044e-11, 4.815787682478352e-11, 4.9462391697029146e-11, 6.279621302984359e-11, 5.891055665031186e-11, 6.297186482313935e-11, 5.5373815726899384e-11, 5.546239916588788e-11, 5.306257293060339e-11, 5.164598403289321e-11, 6.055124685185033e-11, 6.618905423466511e-11, 7.275416898270195e-11, 7.249691834639859e-11, 5.5639795293879654e-11, 7.622321797266998e-11]
[6.741858170895179e-11, 5.694910157231169e-11, 6.343664256530663e-11, 6.733469611651021e-11, 5.910610504698209e-11, 6.055080806328171e-11, 6.108306665496008e-11, 6.131597760201401e-11, 6.984803648182995e-11, 6.364833597274763e-11, 7.03555761577376e-11, 7.111274262706664e-11, 7.087686419643017e-11, 7.11123172935213e-11, 7.13440434388937e-11, 6.088500408356783e-11]
[5.018619742933334e-11, 5.09962828191993e-11, 5.3778678345291477e-11, 5.4277082084923384e-11, 5.3555951366488525e-11, 6.188408222207128e-11, 5.058929282406041e-11, 6.00344255831529e-11, 6.247091916613116e-11, 6.672082752788846e-11, 7.108559393131485e-11, 6.79947397041298e-11, 6.915067861324545e-11, 7.130775548524129e-11, 5.90794698844139e-11, 5.991436579058786e-11]
[6.23972812888907e-11, 5.304576875643869e-11, 5.078974288739618e-11, 5.7419950140381155e-11, 5.417131522387119e-11, 5.4895607333698504e-11, 5.4044792745626054e-11, 6.985877940751743e-11, 5.380436024032454e-11, 5.189531605785283e-11, 6.911042386161181e-11, 6.614747896436458e-11, 7.231155372417087e-11, 7.171964625390504e-11, 4.998755086934049e-11, 5.897809625141812e-11]
[5.2197028189743996e-11, 7.078318800491572e-11, 5.2510629923109236e-11, 5.291880944189755e-11, 5.331694901830031e-11, 5.206922333881863e-11, 5.486081773765486e-11, 6.380781430339456e-11, 6.345470467935257e-11, 7.014695177419289e-11, 6.536796687756362e-11, 7.115534630555556e-11, 7.088162416259715e-11, 7.285728600623072e-11, 5.994478579732315e-11, 7.365016711733254e-11]
[5.466255858277655e-11, 5.914951547974828e-11, 5.4247739253492614e-11, 5.642552472715258e-11, 5.3210399530521347e-11, 5.95885854506162e-11, 6.288507539884241e-11, 5.685213316648793e-11, 6.619349002852979e-11, 5.741899915662057e-11, 6.95014113848951e-11, 7.447561041706922e-11, 7.21198348844524e-11, 6.91704197916945e-11, 4.5742220848873635e-11, 4.991802487256516e-11]
[6.689593027131317e-11, 6.617919151961386e-11, 6.931934753745792e-11, 5.741348130770791e-11, 6.858943642895953e-11, 5.902906182956281e-11, 6.079487781395033e-11, 5.930563766975528e-11, 5.6625047311069244e-11, 5.780859848885748e-11, 5.816152565986109e-11, 6.240456167092973e-11, 6.173900376909201e-11, 6.090483945125369e-11, 6.445654159552782e-11, 5.147944884004686e-11]
[6.413517482129293e-11, 4.74455792367611e-11, 4.104481051814462e-11, 6.254391543533846e-11, 5.572860446111663e-11, 4.895657114252625e-11, 5.889470074565297e-11, 5.3118613103433986e-11, 4.822770346105614e-11, 7.006404550469894e-11, 7.171293989013834e-11, 7.09205121769852e-11, 6.559819759445461e-11, 7.066450728543227e-11, 5.699364477704578e-11, 5.734880671879168e-11]
[6.483489359900553e-11, 5.3548531120668885e-11, 4.9370318947749905e-11, 5.3929293510613306e-11, 5.556936914495215e-11, 5.1594005704663e-11, 5.505355022437351e-11, 4.030589624164435e-11, 5.57382869640338e-11, 5.0680143117863503e-11, 7.481748196411105e-11, 5.2144046799869606e-11, 4.9411150219454014e-11, 5.0166014534300236e-11, 6.635567864210016e-11, 5.836894375297493e-11]
[5.048160244987292e-11, 6.121102463797204e-11, 6.145499124614912e-11, 4.720746672135744e-11, 4.89009766085573e-11, 6.79373450574635e-11, 6.902556285594555e-11, 6.717846901829965e-11, 5.979649856313475e-11, 5.931688514601565e-11, 7.32760465059708e-11, 7.22903697395394e-11, 7.236571792079896e-11, 7.127156970830402e-11, 5.353730684565094e-11, 6.102629145131591e-11]
[4.043592016818514e-11, 6.523984517409994e-11, 4.7539524083000125e-11, 4.8760990850358037e-11, 4.627471047536188e-11, 6.655414147858961e-11, 4.600019353980962e-11, 6.666029186933287e-11, 5.547758104371491e-11, 7.13553377270748e-11, 6.317884889136502e-11, 7.115559078547722e-11, 7.182583039035254e-11, 6.963014270958205e-11, 5.444071378710993e-11, 4.7403003396561663e-11]
[6.471445816818512e-11, 5.830159610505363e-11, 5.992943654082739e-11, 6.322661790133382e-11, 5.632255714088328e-11, 5.921938647462421e-11, 6.849516033609896e-11, 5.084518775266275e-11, 6.676496133292238e-11, 6.373063754662448e-11, 6.232399905921252e-11, 5.7900890858171656e-11, 5.6743619144602375e-11, 5.881270024866785e-11, 7.105205732424007e-11, 5.722393848511799e-11]
[5.751095646225811e-11, 5.871041317246944e-11, 6.414269188109664e-11, 6.591041013543513e-11, 5.644482876165971e-11, 7.209018063832212e-11, 6.815739498250353e-11, 6.102768003693033e-11, 5.2663188981778395e-11, 6.50590971519273e-11, 6.438699312620541e-11, 6.749522356214208e-11, 6.484070830749056e-11, 6.222401346788404e-11, 6.545464538539639e-11, 5.7120471967542725e-11]
[5.7324419379302236e-11, 5.828459493921233e-11, 5.064412051709645e-11, 5.762794442048296e-11, 5.485479803476522e-11, 5.368971573649635e-11, 5.4142853335587445e-11, 5.939905081569306e-11, 5.745549998387471e-11, 6.611225285298327e-11, 6.673342815693015e-11, 6.644674339821205e-11, 6.854508998912552e-11, 6.678924812189098e-11, 4.310390608194712e-11, 5.5275341436506816e-11]
[5.395657238706231e-11, 5.0060946375447014e-11, 5.929858141525362e-11, 5.964088147511153e-11, 6.062104976983939e-11, 5.462863424911022e-11, 5.5938527421045296e-11, 5.622367664581906e-11, 5.6775480438568917e-11, 5.636308829779293e-11, 5.309568393967723e-11, 5.165524182155821e-11, 5.5861537018421826e-11, 6.562029187753157e-11, 6.098056352529482e-11, 5.5624318385153306e-11]
[5.379219768605721e-11, 5.470045253742011e-11, 5.0365334886927284e-11, 5.994090384327819e-11, 4.964493463229179e-11, 5.608278488488651e-11, 6.179301437864847e-11, 5.2269580795895176e-11, 5.4238880284203934e-11, 5.926766920752162e-11, 5.979430641198815e-11, 6.223917392887415e-11, 6.49278736741082e-11, 6.972222501893604e-11, 4.292592312079846e-11, 5.600726240660423e-11]
[6.730845068697468e-11, 5.159777144661692e-11, 4.064092731515347e-11, 5.225471903410061e-11, 4.4508818015654515e-11, 6.856899635411736e-11, 5.2837269397763125e-11, 7.036852479902673e-11, 5.70021285798284e-11, 4.9843516119995834e-11, 4.835521697453443e-11, 5.818604502608996e-11, 7.107040300427175e-11, 6.972279596738232e-11, 5.484332667968206e-11, 5.4384327151220094e-11]
[6.347945504659004e-11, 6.481785891155236e-11, 5.436240740259148e-11, 6.326478553762079e-11, 4.7383019655195436e-11, 4.767634036759147e-11, 5.283204664635942e-11, 5.175752734940947e-11, 4.3512069946509906e-11, 5.0213758704678174e-11, 5.99797639435098e-11, 6.930003013274333e-11, 4.5662179344512225e-11, 7.142190208543024e-11, 5.92699204136262e-11, 7.334425146827398e-11]
[4.680577806974173e-11, 4.3440613156543646e-11, 4.405818542255365e-11, 4.634891812289942e-11, 4.4549348956726366e-11, 4.436313024056686e-11, 4.6170859908797366e-11, 4.295437903550979e-11, 4.708784897298089e-11, 5.32888168459863e-11, 6.117093286386097e-11, 7.08384048091023e-11, 6.883645660177936e-11, 7.208216571914581e-11, 4.9214496909084264e-11, 6.674071024056695e-11]
[6.272624368322886e-11, 6.509097387899158e-11, 6.508361919826989e-11, 6.44365380624342e-11, 6.445434649460007e-11, 6.758166433176161e-11, 6.563835595796834e-11, 4.7052070824880573e-11, 5.0112529820867985e-11, 4.051039528686538e-11, 4.181749461845397e-11, 4.999904622196023e-11, 4.788081828536396e-11, 4.464485928001752e-11, 6.975728652017984e-11, 6.531120975533769e-11]
[5.2766027811907423e-11, 5.3421097618411006e-11, 4.7915345353661144e-11, 4.925264691285831e-11, 6.390476325915752e-11, 6.297535434352338e-11, 6.211089410601813e-11, 5.406677417788639e-11, 5.828403629033907e-11, 6.419357461626643e-11, 7.041388747245245e-11, 6.642917783348243e-11, 5.455917417687227e-11, 5.932026685632959e-11, 6.101674627507226e-11, 5.299331796594255e-11]
[6.097891078225065e-11, 5.24163895813982e-11, 5.359921395008356e-11, 5.2091163815040164e-11, 5.4971724047929745e-11, 4.8956060207246165e-11, 5.864472052169726e-11, 5.3312502354956195e-11, 5.5642944960500887e-11, 5.6257444164522966e-11, 5.067891424080038e-11, 5.312280652156804e-11, 6.256459281609658e-11, 5.6073152051108314e-11, 5.87598023419569e-11, 5.880391557399195e-11]
[4.8010085722095305e-11, 4.3820142385098227e-11, 4.5415723365841644e-11, 4.773495199208228e-11, 4.867952627206131e-11, 4.676438261074109e-11, 4.657073296027667e-11, 5.24502698783376e-11, 6.323009872020609e-11, 5.1584051817492896e-11, 5.532612583423467e-11, 5.5814017532888153e-11, 5.75051570957254e-11, 6.912922490151682e-11, 4.800087496568893e-11, 6.320524979950662e-11]
[6.383353067830568e-11, 6.672765756354301e-11, 6.738546472922629e-11, 5.815073019885766e-11, 5.403720883149847e-11, 6.998342601776647e-11, 6.832496328010343e-11, 6.514544628947833e-11, 5.932906979700381e-11, 6.911214620047284e-11, 6.19607812562078e-11, 6.876574877421548e-11, 6.763890703000897e-11, 6.17524038337259e-11, 6.207231553040435e-11, 5.7675264479043804e-11]
[6.460977296352669e-11, 6.057657034226022e-11, 5.910735976317829e-11, 6.045499902237282e-11, 6.257773749907864e-11, 5.647485797115865e-11, 6.070836917410799e-11, 6.223006447483383e-11, 6.860214866204396e-11, 7.02530015367487e-11, 7.121169178222007e-11, 7.343657343609017e-11, 7.189498970879936e-11, 7.297056188466284e-11, 6.567887543686921e-11, 5.66825860309214e-11]
[6.175815439238955e-11, 6.08842236966495e-11, 6.406353640460547e-11, 5.407976245970681e-11, 5.142585009971337e-11, 5.338592331521625e-11, 4.832498845296331e-11, 4.4310084198633217e-11, 5.3981975374298096e-11, 4.566958234452603e-11, 4.560478532133161e-11, 4.628494636849115e-11, 4.735953661972108e-11, 3.785380839358151e-11, 6.718365238137608e-11, 6.646662462313543e-11]
[5.201245792646028e-11, 4.665318502638535e-11, 4.262268352915047e-11, 4.33105497872174e-11, 4.639148168493096e-11, 4.633497773467849e-11, 4.3110124461998784e-11, 4.6573055199720594e-11, 4.8235480404720495e-11, 6.216943645672275e-11, 4.9408838045620984e-11, 4.9216016232590974e-11, 7.278458279166969e-11, 7.01601962645743e-11, 5.760987590342196e-11, 6.880357370966145e-11]
[6.585999085345458e-11, 6.115006803686827e-11, 5.956992985512188e-11, 6.293244286895733e-11, 5.671341752417818e-11, 6.247054568823436e-11, 6.006046195541987e-11, 6.536331333081036e-11, 5.946324078085757e-11, 7.07036559349276e-11, 7.19442117837603e-11, 6.147147518816326e-11, 7.182545613356543e-11, 7.303568834928242e-11, 6.281872472634967e-11, 6.530785543687778e-11]
[5.7086007577550314e-11, 4.7531816659283205e-11, 4.7782478610086154e-11, 6.868602700385021e-11, 5.373111181325777e-11, 4.801572031696066e-11, 5.158915714299231e-11, 5.544972996262846e-11, 5.3124417196999173e-11, 5.525946646106787e-11, 5.992986756373653e-11, 6.99549740669303e-11, 5.83973310307143e-11, 5.716488729111064e-11, 7.056504484261652e-11, 6.283587241640377e-11]
[5.271033240055495e-11, 5.746016533306364e-11, 5.5685513940587306e-11, 6.782694680636046e-11, 4.7489565482705754e-11, 4.386383730131323e-11, 6.908276504670277e-11, 5.086404298717966e-11, 4.5411089999685094e-11, 4.681420515090974e-11, 6.999981380302013e-11, 5.935040258262401e-11, 7.095160087704703e-11, 5.900005602499627e-11, 6.457876658413491e-11, 4.891524137695531e-11]
[5.206681489245501e-11, 5.459344590975988e-11, 5.2425273269318703e-11, 4.4080758545394896e-11, 4.758932391696312e-11, 6.512622657492778e-11, 6.297738871354128e-11, 6.415171953328208e-11, 7.014530416558643e-11, 5.8996700319212e-11, 5.648511882373343e-11, 5.4679761062627915e-11, 5.841407049825315e-11, 5.7605035438529555e-11, 6.888542169497988e-11, 6.163577201047157e-11]
[4.21732993830739e-11, 4.137142436937952e-11, 5.668765355116526e-11, 5.634186003360175e-11, 5.8086073169485053e-11, 4.467756879221835e-11, 4.3091866834576785e-11, 5.044879606279171e-11, 5.111580335807724e-11, 6.984245596304296e-11, 6.896121057713314e-11, 6.928919593437627e-11, 7.232886177636815e-11, 7.091100862678315e-11, 5.757021648019268e-11, 6.309011638782257e-11]
[5.942030466146296e-11, 5.5092660099597565e-11, 4.825530013289337e-11, 6.007109887881561e-11, 5.423176351049997e-11, 5.3953447511308995e-11, 6.134892456968698e-11, 5.689541958308847e-11, 5.2735615717268593e-11, 5.821711871982509e-11, 6.208086034352639e-11, 7.500419163576985e-11, 7.234928736451843e-11, 7.469446340738658e-11, 4.7788408643383073e-11, 5.6710877861948745e-11]
[5.6641107343100834e-11, 5.7224097795365654e-11, 5.973511425415172e-11, 6.390436365361e-11, 5.6057179391296e-11, 6.484313923829704e-11, 6.87282089378856e-11, 6.754986508567772e-11, 6.993395471904498e-11, 6.922966834012495e-11, 6.90855988114633e-11, 7.404534235728052e-11, 7.117622101750523e-11, 7.104272424610801e-11, 6.854502952861425e-11, 6.335349604957191e-11]
[6.564807290102743e-11, 5.8107440832673986e-11, 5.6268180193885913e-11, 6.526531608902059e-11, 5.8202116530425545e-11, 6.25631785795409e-11, 5.6010500907683284e-11, 7.101814382166737e-11, 6.640168863925522e-11, 5.351404844215617e-11, 7.049203609294747e-11, 6.472869902739471e-11, 7.527789766141834e-11, 6.806560855278959e-11, 6.752811047626884e-11, 5.860691384197133e-11]
[6.306064972441657e-11, 4.452929886826661e-11, 5.100656003736014e-11, 4.764750353671226e-11, 4.8225162630334694e-11, 4.2871567171548124e-11, 5.0726392207557394e-11, 4.875779262787043e-11, 5.670734867762635e-11, 5.747228513793349e-11, 5.674309030574787e-11, 5.612162983687893e-11, 5.5597019909982444e-11, 7.364509059452647e-11, 4.824792323371511e-11, 6.49272680432123e-11]
[5.293110268249163e-11, 5.827764801596239e-11, 5.783608523096058e-11, 5.4150702881967014e-11, 5.712046377499422e-11, 4.950245483762793e-11, 6.59673137753365e-11, 6.93743485860867e-11, 6.860535453796911e-11, 5.7954311154877936e-11, 6.975986624334145e-11, 6.269035216967358e-11, 6.12287771979758e-11, 6.172117792752164e-11, 5.1939051063089775e-11, 6.989804265137723e-11]
[7.218945629312938e-11, 5.1659553877075436e-11, 5.081611274818284e-11, 6.082049432219207e-11, 5.66626273096001e-11, 6.92040053756451e-11, 5.576481041538868e-11, 4.902129058450168e-11, 6.27360878262082e-11, 5.967502369431785e-11, 5.951547959635081e-11, 5.857466704723048e-11, 5.658463221742119e-11, 5.917870244512734e-11, 5.638258585998867e-11, 6.088931241904799e-11]
[6.6484243249814e-11, 6.581581326885436e-11, 6.707710765025333e-11, 6.407983505713303e-11, 6.993149911662771e-11, 6.670518096338755e-11, 5.894708203495497e-11, 6.854486955856799e-11, 6.919585927470282e-11, 6.80831265071873e-11, 6.648929816284978e-11, 6.793599991966493e-11, 6.831378422613154e-11, 6.728933007416607e-11, 5.814103781394183e-11, 6.618429920630737e-11]
[6.305804204531649e-11, 6.518772939170843e-11, 5.990336104075318e-11, 6.355877400909285e-11, 5.516292178484185e-11, 5.772414459820387e-11, 6.477596033515015e-11, 6.158176158492018e-11, 6.377234436667786e-11, 6.743734685031363e-11, 6.773137768484303e-11, 5.884581991797933e-11, 5.5795995430013227e-11, 5.7979905867522915e-11, 6.52132277087356e-11, 6.714016381581062e-11]
[6.794781568588932e-11, 6.269489342624491e-11, 6.20817714543601e-11, 6.498316937051853e-11, 6.34506585249376e-11, 6.140330620192653e-11, 6.275631853959277e-11, 6.791958246539597e-11, 6.251689948931243e-11, 6.195836982787353e-11, 6.906914911985247e-11, 6.751487016138997e-11, 6.193774118336476e-11, 6.92213083214893e-11, 6.138281007669499e-11, 7.121457922396349e-11]
[5.41512248109446e-11, 4.564919093427303e-11, 4.239167326141112e-11, 4.128725876341429e-11, 5.3832056232076185e-11, 5.809704615628555e-11, 6.996262706371942e-11, 6.02955813459085e-11, 4.863369378410561e-11, 4.8627765744728955e-11, 6.05043060468371e-11, 5.129018033554463e-11, 5.249506348757116e-11, 4.374727226998865e-11, 6.320966007596984e-11, 6.320995423114696e-11]
[6.376826686872007e-11, 5.664272086602802e-11, 5.503084266148084e-11, 5.82505322914841e-11, 6.266307454461009e-11, 6.164355588504064e-11, 5.86902107085238e-11, 5.904713801358548e-11, 5.5902512884321504e-11, 5.923933042794209e-11, 6.049724140381111e-11, 6.226280537254826e-11, 6.202275319406504e-11, 6.264426691957901e-11, 5.821829437355713e-11, 7.071680190376067e-11]
[6.948143439482528e-11, 6.794640386496889e-11, 6.553401579047998e-11, 5.34206535908163e-11, 5.2719982514529395e-11, 6.588949593332014e-11, 5.8089486179518114e-11, 5.0856944432964427e-11, 5.5787903690187774e-11, 4.822171893906202e-11, 5.25016362738751e-11, 6.320898537233382e-11, 5.932127177452599e-11, 3.9309775557521656e-11, 6.59036716309341e-11, 6.697157668041957e-11]
[5.659501005007599e-11, 4.8074863783999495e-11, 5.013160371035768e-11, 4.192618810351575e-11, 5.2540689765615987e-11, 4.4091334853076976e-11, 6.628189522899361e-11, 7.064362168032314e-11, 5.41190767044624e-11, 6.846409955870788e-11, 7.171725295475254e-11, 6.020369001387702e-11, 7.215142319012717e-11, 6.49946217800861e-11, 6.27456179968651e-11, 5.666649039635428e-11]
[7.088938747739779e-11, 7.067450209042753e-11, 6.223758392644132e-11, 6.07556041741747e-11, 6.000656700768409e-11, 6.496953172413044e-11, 6.62907700427323e-11, 5.6852084307651e-11, 4.1300514743029126e-11, 4.932836457978179e-11, 4.5223814333361966e-11, 4.9339236877586737e-11, 5.0596663750476004e-11, 3.6971201994691115e-11, 6.615835017747306e-11, 6.67312532595318e-11]
[4.945678356119424e-11, 4.867342183165831e-11, 6.095633209239631e-11, 5.4143958625517796e-11, 5.859743418570386e-11, 5.841337362968391e-11, 6.039004323777797e-11, 5.229465280136995e-11, 5.60789333608292e-11, 6.035555268919227e-11, 7.167187479383292e-11, 6.56370758184109e-11, 5.923154378708163e-11, 5.7341587256273134e-11, 5.6825169074645265e-11, 6.984826669345808e-11]
[7.090767423129334e-11, 5.2593528501986546e-11, 5.921529370731787e-11, 6.261624677988822e-11, 5.8974135826314e-11, 5.344381614025102e-11, 5.7143224156203516e-11, 6.75141829754053e-11, 6.168473450438824e-11, 7.014520866863376e-11, 5.851650925513836e-11, 6.468193305173597e-11, 6.142447635164817e-11, 5.578616175792367e-11, 7.03788910232521e-11, 6.280812668970856e-11]
[4.965487915278728e-11, 5.0236604869215776e-11, 5.858683797718839e-11, 6.062761217973696e-11, 4.999111340723744e-11, 4.966100304313713e-11, 5.825047503943655e-11, 6.754777921890859e-11, 6.631434671223649e-11, 6.933739901433599e-11, 7.072954907862733e-11, 6.99311212929294e-11, 6.197939806275124e-11, 6.640347681431133e-11, 5.888410936981201e-11, 7.122559526280143e-11]
[5.08995503805117e-11, 5.99052796784821e-11, 5.242906111862323e-11, 5.4067350656543e-11, 5.4225855628890286e-11, 5.245362294267584e-11, 6.540911383298608e-11, 5.85132475574733e-11, 6.001698519547274e-11, 6.075459480808705e-11, 6.6360351972407e-11, 6.612501483149035e-11, 6.39880564270763e-11, 7.050956103329994e-11, 5.0252870804735574e-11, 6.58241182935683e-11]
[6.088530523831172e-11, 6.205272687401945e-11, 6.788284285178235e-11, 6.661471795813207e-11, 6.124411241333062e-11, 6.148841681480455e-11, 5.143078253037574e-11, 5.224216584690905e-11, 5.072751698792869e-11, 5.59508123079796e-11, 3.991701865966265e-11, 4.503097116044986e-11, 5.051902443874342e-11, 5.69790728392726e-11, 5.974571732371535e-11, 6.85064534296223e-11]
[6.145093544605854e-11, 5.850048212139666e-11, 6.477237497851307e-11, 6.001591702923723e-11, 5.5359083189069303e-11, 6.943105735829377e-11, 6.795991279364696e-11, 6.542475719679961e-11, 4.8882793053010736e-11, 5.987178113691127e-11, 4.9718393396071164e-11, 7.170935156254218e-11, 6.910930505702119e-11, 5.328203640918462e-11, 5.289859828420461e-11, 6.582417864455002e-11]
[5.910810818974033e-11, 6.103181136458042e-11, 6.035410100191354e-11, 5.3547518245719695e-11, 4.801083187397719e-11, 5.614435116956394e-11, 5.4378700209125834e-11, 5.752328050119962e-11, 5.752690907932143e-11, 5.417420816225806e-11, 7.046758928673486e-11, 5.992670496335445e-11, 5.871202771730492e-11, 7.527378105264955e-11, 4.1932733608634084e-11, 6.86080712312551e-11]
[6.680056539266724e-11, 4.823660252671824e-11, 4.12463856396474e-11, 5.414568675793904e-11, 4.900927839913136e-11, 6.136437774464476e-11, 4.8245474381206456e-11, 6.575417530827497e-11, 4.964862739016452e-11, 6.695956126674849e-11, 6.80249629905902e-11, 6.529438798734056e-11, 6.68575806271952e-11, 6.549206879945891e-11, 6.300454212302171e-11, 5.3867805637241465e-11]
[5.1910613379712126e-11, 5.134373879110622e-11, 5.819506354124528e-11, 5.326939105479059e-11, 4.964636937456403e-11, 5.943648314210602e-11, 6.947297273753652e-11, 5.2691318530870034e-11, 5.647620564984678e-11, 5.739005277216572e-11, 4.7423012204943254e-11, 5.833069915181781e-11, 7.108309883796072e-11, 4.7952594521034985e-11, 6.243568780990358e-11, 6.232143877719998e-11]
[7.196274450588171e-11, 4.778948814925908e-11, 4.756999737608357e-11, 4.66592097782926e-11, 5.5959130497619554e-11, 6.904683854981652e-11, 4.3914996676094247e-11, 6.846358902041979e-11, 6.271737660897983e-11, 5.150980531178308e-11, 7.121735461625037e-11, 6.708106307215762e-11, 4.9335383048569633e-11, 4.860478842211494e-11, 7.145530340480004e-11, 6.477244127208388e-11]
[6.14280517594481e-11, 3.9973115445530225e-11, 5.381952192101258e-11, 4.3498752669849776e-11, 6.827099597334478e-11, 6.292386967655772e-11, 5.440593890862237e-11, 4.822268475840276e-11, 7.111909521636043e-11, 6.851464198055065e-11, 6.000731351003875e-11, 7.392479000071896e-11, 6.963347430075775e-11, 7.057189698434881e-11, 6.819946296083423e-11, 5.81719744192835e-11]
[5.950604193465264e-11, 6.041616130172196e-11, 6.369329137619007e-11, 6.090872900956945e-11, 6.129278413208885e-11, 6.454731539365366e-11, 6.216203678361645e-11, 6.417845034672615e-11, 6.313700848527001e-11, 6.657845520076314e-11, 6.066531042785743e-11, 6.779772772463258e-11, 6.957282458282752e-11, 6.525028477759424e-11, 5.063585953446814e-11, 5.7966072524912275e-11]
[5.641315426140385e-11, 5.935431609564857e-11, 5.91593212771775e-11, 5.923876605278968e-11, 6.399378901577196e-11, 6.28185394052693e-11, 6.222221366643018e-11, 5.607250967614073e-11, 5.4613929284179036e-11, 5.611803227570976e-11, 6.595155134549888e-11, 6.917202184261001e-11, 6.602081397054845e-11, 7.260684543389436e-11, 6.173295271246661e-11, 6.949837767360243e-11]
[6.595753190040913e-11, 5.139585751051244e-11, 4.736852835451922e-11, 5.317567337933414e-11, 5.88767646501603e-11, 5.856229070990326e-11, 5.2548755438107036e-11, 4.998595053840156e-11, 4.323970673920548e-11, 3.904891483990836e-11, 5.3588018452389496e-11, 5.741317102410965e-11, 5.6140654884297514e-11, 5.401136274060165e-11, 7.592473114697126e-11, 5.522094316812781e-11]
[7.04859605865218e-11, 6.275073428912534e-11, 6.51661168077095e-11, 4.7665533360752447e-11, 5.643365131834825e-11, 5.114963674278325e-11, 4.7036867547493775e-11, 4.3574178394923133e-11, 4.266803084538101e-11, 5.826738092233357e-11, 5.4308251116210064e-11, 6.799949535992533e-11, 6.375491628519892e-11, 6.119092994586832e-11, 6.377255786898442e-11, 5.453587489126383e-11]
[5.723493468572119e-11, 4.262828970725167e-11, 4.1099033767813495e-11, 5.5927803003504466e-11, 4.5347004981332705e-11, 4.4932718725932406e-11, 5.880108064354102e-11, 4.30908977462224e-11, 6.994862555440071e-11, 4.805776653699293e-11, 4.821897507040741e-11, 7.158959010348419e-11, 6.061155890501154e-11, 7.067442168236518e-11, 5.884912558725206e-11, 5.3257471064481714e-11]
[5.005430016042238e-11, 5.1926974990801636e-11, 6.239086499488035e-11, 6.201049384649184e-11, 6.453525849015198e-11, 5.5402717652933506e-11, 6.830380232009001e-11, 5.646662846994703e-11, 5.2360285573350565e-11, 5.887945491035255e-11, 6.449009116886127e-11, 7.150817148352701e-11, 6.873753095954848e-11, 6.746194319213753e-11, 5.605904928438503e-11, 6.925354279364459e-11]
[5.5046818877635714e-11, 5.882459281768303e-11, 6.082952012701952e-11, 5.4601734291914174e-11, 4.906187624997511e-11, 6.21569441645908e-11, 5.97180713522364e-11, 6.757458800580773e-11, 6.815468842592366e-11, 6.914172188006532e-11, 6.966410958399901e-11, 6.999851422930769e-11, 7.187262785436653e-11, 7.266811396899424e-11, 5.2575597220363e-11, 6.425381946219321e-11]
[4.563702151097557e-11, 4.463607137111466e-11, 4.6570637546963635e-11, 4.847833529200369e-11, 4.386003573489115e-11, 4.858570693926097e-11, 4.598738021611243e-11, 6.241753786375162e-11, 6.537056974342509e-11, 6.606976147710873e-11, 6.507384776801372e-11, 6.014096200843009e-11, 6.042626826303884e-11, 5.945881388917935e-11, 5.955707500288545e-11, 6.354196140049903e-11]
[4.7672589627916535e-11, 5.66640822724805e-11, 7.0039838438756e-11, 4.8826701915886114e-11, 5.502998566587808e-11, 5.0711683295599145e-11, 5.827968906091667e-11, 4.6162010590044955e-11, 4.962508309289379e-11, 5.186797167967491e-11, 4.434550695990103e-11, 5.692510553361206e-11, 6.61262768865101e-11, 6.5500590410043e-11, 5.953155570325937e-11, 7.0909049566449e-11]
[6.89309631590001e-11, 6.958510082978176e-11, 6.273827045102796e-11, 6.415959127147295e-11, 5.671217837440775e-11, 6.160983849729228e-11, 6.356638983301442e-11, 6.349924087691768e-11, 6.293518867727732e-11, 6.146558537958685e-11, 6.871844075516468e-11, 6.353434683767269e-11, 5.673893928230691e-11, 7.265186200279881e-11, 6.686250105156952e-11, 6.295705232499222e-11]
[6.964475354088776e-11, 5.4038773123213855e-11, 5.567446497232214e-11, 4.9696146815486636e-11, 5.522133385141999e-11, 4.8926229280886134e-11, 5.165086331009916e-11, 5.449974661975074e-11, 5.309129226248851e-11, 5.0972408875287395e-11, 5.701898658449535e-11, 5.577617519238196e-11, 4.6215542344713066e-11, 4.757003874454051e-11, 6.987425935358626e-11, 7.08388761540824e-11]
[5.991912674639076e-11, 4.5805038225542775e-11, 4.398923018840744e-11, 5.6990614116753184e-11, 6.369610732370041e-11, 5.3964125932106835e-11, 5.735947511729679e-11, 5.1392328623219816e-11, 6.746487271644738e-11, 6.201199594060803e-11, 5.549371483641946e-11, 4.646617801118903e-11, 6.85754725375973e-11, 6.519569117962269e-11, 6.551320744066524e-11, 5.747382772141643e-11]
[4.7999183634967816e-11, 5.214631535301214e-11, 6.881507390879838e-11, 5.498578974080492e-11, 5.812478256604535e-11, 5.451107189345472e-11, 6.005483152666431e-11, 6.064300129108915e-11, 6.594411292023731e-11, 5.979592235200254e-11, 6.857204317931514e-11, 6.667211311931527e-11, 7.518936727279616e-11, 6.836987024311718e-11, 6.666893937694908e-11, 6.381648583476516e-11]
[7.05633280752756e-11, 6.676130663192055e-11, 4.768865347870557e-11, 5.106194329165649e-11, 4.908636137938989e-11, 5.278468187652986e-11, 5.837136204057515e-11, 4.9550109428692095e-11, 5.0227398032992675e-11, 5.285496115525989e-11, 5.0078146297450244e-11, 5.542206461380464e-11, 5.2791153784760935e-11, 4.773565950929912e-11, 7.010339841469701e-11, 7.158317542668718e-11]
[6.712035159991793e-11, 5.419179413374091e-11, 5.701005009147621e-11, 5.024907842251243e-11, 5.214798338765157e-11, 5.5313330473037254e-11, 5.210116240123429e-11, 4.8534506716203544e-11, 6.80327069338641e-11, 6.584818414406905e-11, 7.085146040146829e-11, 7.025305103803736e-11, 6.811808865345389e-11, 7.244268805121283e-11, 4.993859359097693e-11, 5.2823231135693314e-11]
[5.4301591680093944e-11, 4.897085316290895e-11, 5.5875990711394776e-11, 4.5866757139812524e-11, 4.1827120586333636e-11, 4.6576988051537865e-11, 4.556437399419881e-11, 5.9408046545831e-11, 5.214982865925938e-11, 6.43575307370473e-11, 6.837211221155176e-11, 7.280407494745453e-11, 6.88256233555931e-11, 7.189952496502222e-11, 5.6719228573095853e-11, 5.767541486088032e-11]
[5.826682405132074e-11, 4.7590639662838916e-11, 4.468842308301328e-11, 5.419509090204448e-11, 5.228240944717296e-11, 4.901034514517476e-11, 5.7996457399940776e-11, 5.343588788485033e-11, 6.497208810083942e-11, 6.05986707554132e-11, 6.811393481673506e-11, 7.142232219317508e-11, 7.23214553347893e-11, 7.497867287673245e-11, 5.379510036221314e-11, 6.407456912210558e-11]
[5.3293406922105455e-11, 6.494781205581418e-11, 4.990110369522402e-11, 4.632110334216996e-11, 4.297994773626455e-11, 4.824729062507162e-11, 6.882971065762742e-11, 4.9823113353842724e-11, 6.357992346932658e-11, 5.372791624737263e-11, 6.077903201626752e-11, 6.815273147479585e-11, 6.742794017961612e-11, 6.371169593944941e-11, 5.98792106067023e-11, 5.7165602320474244e-11]
[5.680396316025715e-11, 4.772356175812561e-11, 4.893282550793503e-11, 5.8136743267252614e-11, 4.2085389154778586e-11, 4.5822770355996085e-11, 4.818985026773884e-11, 5.113538549152666e-11, 6.545939007479682e-11, 5.5785504481527003e-11, 6.148425178666273e-11, 6.564721482149984e-11, 6.848404068343766e-11, 7.366460296815732e-11, 4.484601662716589e-11, 5.242713759858709e-11]
[5.939469677951335e-11, 4.4089833200195435e-11, 5.86522473793401e-11, 4.265762968390113e-11, 4.9461711686294864e-11, 4.201837843050578e-11, 7.004648140164094e-11, 6.874443796048387e-11, 4.8432885157084783e-11, 5.387951125170125e-11, 6.435336692255113e-11, 6.46501883772867e-11, 7.278223943111378e-11, 6.520873996662217e-11, 5.727968619629208e-11, 5.1544020721876124e-11]
[6.023724837405563e-11, 5.880322109614788e-11, 5.672180800186021e-11, 5.870164426114215e-11, 6.230212454640432e-11, 6.430736303211204e-11, 5.6475077810481946e-11, 6.625645570799476e-11, 6.033931933876808e-11, 6.40335666880783e-11, 6.73404286755361e-11, 6.695467751797654e-11, 6.684535412494775e-11, 6.156409610009303e-11, 6.573521472619016e-11, 5.66592912069989e-11]
[6.845270105204652e-11, 5.200246667167811e-11, 5.109272931183153e-11, 5.2872182943306677e-11, 5.584576439972482e-11, 5.5223575519434883e-11, 4.6696541599458873e-11, 5.67718595583649e-11, 5.8454069076273e-11, 5.688112736423795e-11, 5.7504097600495864e-11, 7.370301865691024e-11, 7.378152870741081e-11, 7.270440166192374e-11, 5.3361448621734655e-11, 6.110614929681413e-11]
[6.52803762235548e-11, 6.162531861875073e-11, 6.118316794638937e-11, 7.112249374219263e-11, 5.692489926346043e-11, 5.5295742138851084e-11, 5.510169021929767e-11, 5.643877996645642e-11, 5.964377886605109e-11, 6.00371111010143e-11, 6.017702396845996e-11, 7.343890194786134e-11, 6.959548708599951e-11, 6.000509301642618e-11, 6.469264264961895e-11, 5.470465930400489e-11]
[5.940059696409345e-11, 6.065718151809549e-11, 6.21985095431e-11, 5.6309493875565866e-11, 6.055637254451561e-11, 5.336522468393792e-11, 5.644810858432226e-11, 6.232916158186306e-11, 6.294120399866576e-11, 6.32161058012727e-11, 5.967859750995838e-11, 5.765311783997626e-11, 6.371529082432492e-11, 6.307824099560479e-11, 6.712867419061474e-11, 6.623661741541149e-11]
[5.22952218786672e-11, 4.8478475683153264e-11, 5.783671181698223e-11, 5.440440608756429e-11, 5.084162133467452e-11, 5.909057774782561e-11, 5.944031970452679e-11, 6.357454729063314e-11, 6.647770347266961e-11, 6.946010138233333e-11, 7.060500351443575e-11, 6.298447795838892e-11, 7.138458585563937e-11, 6.301729222893735e-11, 5.992944853622247e-11, 6.176576140526322e-11]
[4.5253445069336615e-11, 4.488413519734237e-11, 4.932542379215324e-11, 4.467234378016725e-11, 4.8534663212540585e-11, 7.027692275210235e-11, 4.585424811542947e-11, 4.6180494319336575e-11, 5.4597033639837856e-11, 7.122693300628526e-11, 6.462229515482813e-11, 6.538805383282387e-11, 6.12278461415239e-11, 6.140536892266835e-11, 5.860589899278601e-11, 5.3972129213243546e-11]
[4.97681501596289e-11, 4.7167832463579835e-11, 5.182043939346069e-11, 6.763664439708172e-11, 5.6451507990617866e-11, 5.0696479531057327e-11, 5.970138241827241e-11, 5.359368721029614e-11, 5.051050021798564e-11, 5.521704411824961e-11, 6.113155187039405e-11, 6.367467025958589e-11, 7.420315765848299e-11, 7.302207721553053e-11, 6.527022323886588e-11, 6.01035240469453e-11]
[6.035134360545813e-11, 4.916551811018765e-11, 5.0116508162280723e-11, 4.922874563984229e-11, 6.239201071796564e-11, 5.337037278852293e-11, 5.4882033081140395e-11, 5.149478594212781e-11, 6.184695827052747e-11, 6.706796109022174e-11, 6.294637486042928e-11, 5.56161422628583e-11, 6.932136203494278e-11, 6.062378712619527e-11, 5.795456706322902e-11, 6.221146829832095e-11]
[6.767109911193844e-11, 6.344704696370876e-11, 6.085550905428317e-11, 6.60349055459086e-11, 4.236293563382475e-11, 6.017585475436113e-11, 4.979619788377293e-11, 7.065905763921346e-11, 6.549814748237224e-11, 5.286585040205088e-11, 4.8177110709149094e-11, 7.35015549040854e-11, 6.320369821213134e-11, 4.861918447226944e-11, 6.812179102675304e-11, 5.696105370936575e-11]
[6.151805897989117e-11, 5.2395941220787654e-11, 5.418607395250656e-11, 6.626783958749098e-11, 6.041149531408316e-11, 6.295428028789512e-11, 6.070984897143956e-11, 5.907438665326393e-11, 6.725913029071947e-11, 5.944902302314809e-11, 6.362932569901444e-11, 6.493003573716775e-11, 6.592991013544713e-11, 6.713660916210611e-11, 5.95708065721381e-11, 6.753374132241123e-11]
[5.023828717143159e-11, 5.372649295317002e-11, 5.1948064581072324e-11, 5.6444676657702646e-11, 5.931746073259132e-11, 5.62575486315803e-11, 6.347786081196896e-11, 6.445069411586725e-11, 5.99476174458396e-11, 4.574810313989741e-11, 4.9698532861668143e-11, 6.370710873883135e-11, 5.9465152976384e-11, 7.083395558963387e-11, 6.304825361053984e-11, 6.362904100732848e-11]
[5.8019652776128023e-11, 5.4685063135259476e-11, 5.950113577552047e-11, 5.163559845846855e-11, 5.2584442608059156e-11, 6.301121015229266e-11, 5.262780852568142e-11, 5.867373772618936e-11, 5.1633399986610426e-11, 5.1006005478121575e-11, 5.2716499987803605e-11, 6.303925251344881e-11, 5.2527970341361363e-11, 4.998627845950717e-11, 5.888160414545718e-11, 6.82447655866581e-11]
[4.724479412251421e-11, 4.51488971322892e-11, 4.6812581609611556e-11, 6.46219749534481e-11, 4.573869717280349e-11, 4.697803470845911e-11, 5.629860420075062e-11, 4.824620369945318e-11, 5.863854761555109e-11, 6.531885100995865e-11, 6.743091607066013e-11, 6.768947184808056e-11, 6.930271331271578e-11, 6.479431024142552e-11, 6.768450820637614e-11, 7.469702329526298e-11]
[5.7025662503180796e-11, 5.746220978644632e-11, 6.911541415760221e-11, 5.619224418674126e-11, 5.1303269378148635e-11, 5.01201366993869e-11, 6.923154436734059e-11, 6.314552555058339e-11, 5.632334865025403e-11, 7.114492053576293e-11, 6.96358518218187e-11, 6.771682207776514e-11, 6.926394951108559e-11, 6.835090249418177e-11, 5.0153581951647444e-11, 5.2309644171711166e-11]
[5.858388081655709e-11, 5.704731382528571e-11, 5.725076985631928e-11, 6.210883932109579e-11, 6.184688560227768e-11, 5.529887222562357e-11, 5.128460124443913e-11, 7.001507646178855e-11, 5.065411898785436e-11, 5.272967065011375e-11, 5.1957283087468084e-11, 4.742008518353483e-11, 4.7957548542796365e-11, 6.71357058716176e-11, 6.693828857499262e-11, 6.768437945737112e-11]
[5.1490949216904883e-11, 4.5063844355812807e-11, 4.811240964070966e-11, 4.955696989832148e-11, 4.54828529020829e-11, 4.265628734765262e-11, 4.541375740128691e-11, 4.776292735543302e-11, 6.158738184819891e-11, 5.4262160963180965e-11, 5.68500603898734e-11, 6.480663100794397e-11, 6.018794358743695e-11, 5.864162155331673e-11, 5.972451572119465e-11, 6.848968640011489e-11]
[6.617026013200708e-11, 5.458151819734062e-11, 7.021553343768056e-11, 6.582549542385339e-11, 6.163200113582466e-11, 5.96729048021459e-11, 6.182507239433846e-11, 5.7951414868352946e-11, 5.912074997300353e-11, 6.409157534968587e-11, 6.299664483996185e-11, 6.1172262734958e-11, 6.085816059485251e-11, 6.482925051859078e-11, 7.007328603509418e-11, 4.830175406287113e-11]
[4.973115148801906e-11, 4.9986555345375256e-11, 5.386919111165444e-11, 5.370267027383196e-11, 5.682052940816933e-11, 5.506871633036477e-11, 5.6475420165617935e-11, 5.230335645342966e-11, 5.907972672030072e-11, 5.5568675943071395e-11, 5.633096459881054e-11, 6.317796932613054e-11, 6.429721787576931e-11, 6.969691360955168e-11, 4.893895180715707e-11, 6.834601181338109e-11]
[5.327404677525431e-11, 6.057079977034985e-11, 6.065286768714186e-11, 5.5069767378389537e-11, 5.278971056669781e-11, 6.076702504034844e-11, 5.856247697640098e-11, 6.54597201392753e-11, 6.151370384455774e-11, 6.85610129110275e-11, 6.905709442600688e-11, 7.219808795503051e-11, 7.147515428037918e-11, 7.421751220006426e-11, 5.7706114394242454e-11, 7.009210297964911e-11]
[5.51146702444988e-11, 6.15927347577471e-11, 5.064721876743143e-11, 5.4358180293146595e-11, 5.553560976377908e-11, 5.6625167184615615e-11, 6.191792997946997e-11, 6.631283218575785e-11, 6.67175075489043e-11, 6.745157016592059e-11, 6.971552271488351e-11, 6.585988406164825e-11, 7.03901719176406e-11, 7.314766010125954e-11, 5.171984322631229e-11, 6.848212114324907e-11]
[5.5763087834494287e-11, 5.73312289257718e-11, 4.7834090578553954e-11, 5.504412344168997e-11, 5.6606034222152385e-11, 5.395713567500693e-11, 5.6130573513906854e-11, 5.982726870400697e-11, 6.538988795667081e-11, 5.6722086356714655e-11, 7.122052627060648e-11, 6.556051094673198e-11, 6.322154149070638e-11, 7.131828768067697e-11, 6.31089533869893e-11, 6.108026552263356e-11]
[6.991923090030535e-11, 6.386022078485693e-11, 6.790540174227205e-11, 6.393273288791933e-11, 6.454985709145614e-11, 6.898033578084364e-11, 6.968941986740705e-11, 6.12735898746678e-11, 7.229463437578366e-11, 6.871542860716632e-11, 6.551354410765977e-11, 7.382964100370816e-11, 6.881816289775571e-11, 6.931022360939193e-11, 7.35015502782301e-11, 6.014061047119774e-11]
[4.837934426922146e-11, 4.818704912184378e-11, 4.619112416394414e-11, 5.282594479220909e-11, 4.774152599931705e-11, 4.6370105871085246e-11, 5.2028550649608306e-11, 5.4273958549608384e-11, 6.361579589667255e-11, 6.308629988436764e-11, 5.588274860582883e-11, 5.5523590657097296e-11, 5.231758691354152e-11, 5.5629945289995836e-11, 4.1922073044494747e-11, 5.6175381691863354e-11]
[4.579270539231849e-11, 5.858334029468063e-11, 4.950020690443757e-11, 5.5039827422503076e-11, 4.8584329360179564e-11, 4.6107257540455904e-11, 5.931932003012624e-11, 6.346734903016304e-11, 5.329440782761278e-11, 6.817153816935788e-11, 5.6044086708893935e-11, 7.313333256218133e-11, 7.337447330285805e-11, 5.586959454194916e-11, 5.853396862983328e-11, 6.250907390982478e-11]
[4.878023991849629e-11, 5.5067946060744455e-11, 5.0644229468982357e-11, 4.8201973197399073e-11, 5.497502350283662e-11, 5.962140411453508e-11, 6.348763037578431e-11, 5.270644284861132e-11, 6.296155106175116e-11, 5.937476183697546e-11, 6.219338651029773e-11, 6.513463130341083e-11, 6.550815702078807e-11, 6.614527280575056e-11, 6.315260536430555e-11, 6.842939073726156e-11]
[5.001224355223259e-11, 4.911488519529225e-11, 4.284068972871151e-11, 4.97904503783291e-11, 4.158589638636899e-11, 5.772419988070024e-11, 5.451691639119253e-11, 6.93094591705431e-11, 5.541176015920674e-11, 5.32885251797458e-11, 7.169141700511319e-11, 6.533994681557061e-11, 6.298196893519877e-11, 7.157597972482383e-11, 5.442798045145001e-11, 5.644071803634067e-11]
[4.5377269489560897e-11, 4.6464590590041076e-11, 4.8673728234665154e-11, 4.667996004787104e-11, 4.214545381668201e-11, 5.339007882371465e-11, 3.8245947399603584e-11, 4.244093552190136e-11, 4.7415833151314774e-11, 4.932209099538882e-11, 5.179928818434857e-11, 4.613639714174667e-11, 5.023107333099148e-11, 6.640984990467626e-11, 5.7305781330688845e-11, 5.920943372406977e-11]
[6.690413185526206e-11, 6.659769166684772e-11, 6.659834624904349e-11, 5.4301562711928574e-11, 5.56454389445594e-11, 6.00196010727754e-11, 4.99053474718397e-11, 4.91372096498706e-11, 4.144113073931479e-11, 7.004661130203109e-11, 4.462078198238361e-11, 4.735492622682839e-11, 4.8600257784818126e-11, 3.8204862179461445e-11, 5.824784967110873e-11, 6.685066218873648e-11]
[4.634237005658176e-11, 4.573806203618021e-11, 4.97805477543589e-11, 4.567473032718615e-11, 5.7732350295893016e-11, 5.540602515612282e-11, 4.426151853352067e-11, 5.1856936950845295e-11, 5.0354437861619206e-11, 5.2175635757907566e-11, 5.233924889600572e-11, 5.4394713418162294e-11, 6.130688113505951e-11, 6.915737348213601e-11, 5.629601498263707e-11, 5.106274983649316e-11]
[5.914050387560815e-11, 5.954798664526888e-11, 6.73930761204831e-11, 6.129645747927611e-11, 5.978287451721088e-11, 5.6629000963743027e-11, 5.8067089374501905e-11, 4.8190758843540315e-11, 6.283760272349474e-11, 5.2915393839524254e-11, 4.552196494140826e-11, 5.384752883085452e-11, 5.0290843883931326e-11, 5.146339794595983e-11, 5.836345203177769e-11, 7.061844964445276e-11]
[5.350719648535765e-11, 5.288213340668765e-11, 4.727429189021149e-11, 4.154239088358995e-11, 5.546404418029913e-11, 4.47562192523309e-11, 4.173020797147215e-11, 6.298997051245706e-11, 4.910944355740855e-11, 4.9901801800377256e-11, 5.66973242325281e-11, 5.924216872128804e-11, 6.209353648657132e-11, 5.873125615236443e-11, 5.1109830653806384e-11, 4.648065020121138e-11]
[4.519784888421601e-11, 4.4927323772421e-11, 5.409804123609936e-11, 4.343958960060882e-11, 4.620172076865579e-11, 5.3092980248162703e-11, 4.451803230264477e-11, 5.598781197778333e-11, 5.1832768660269425e-11, 6.89197153661459e-11, 5.796149376307638e-11, 6.576832689046834e-11, 6.892837424827135e-11, 7.053167671416557e-11, 4.661634353579285e-11, 5.846018981354667e-11]
[5.3526749500215606e-11, 5.372103651929077e-11, 4.7905191166261916e-11, 4.881407470094171e-11, 5.344599403990046e-11, 4.718159844834573e-11, 5.745337531578039e-11, 5.92363862461653e-11, 6.42544472828221e-11, 6.808294004152621e-11, 5.792079004521535e-11, 6.480448595020492e-11, 6.041739362764685e-11, 6.197768125021703e-11, 5.743434347222131e-11, 5.149888447905072e-11]
[5.671796486452233e-11, 5.0512438085815136e-11, 5.4289245768492624e-11, 5.3853428925507554e-11, 5.35243645716774e-11, 4.738189678931142e-11, 4.4817247320204537e-11, 4.773469404189378e-11, 5.01774245079678e-11, 4.813305385938082e-11, 4.8908597861021845e-11, 7.017386857231633e-11, 4.2538152341585864e-11, 4.873533034796034e-11, 5.896901077747973e-11, 7.324797807888365e-11]
[5.596551743490442e-11, 5.8119670971019804e-11, 5.8176783996492196e-11, 5.808475953952418e-11, 5.427141603440786e-11, 5.2712265057828494e-11, 4.876530073028487e-11, 6.553976075972736e-11, 5.213439293553791e-11, 5.847244885811304e-11, 5.555948479782657e-11, 7.315708977087967e-11, 7.1328817637091e-11, 5.742067269297677e-11, 5.18184968041153e-11, 4.833173204482386e-11]
[5.781674037099885e-11, 6.683402266420396e-11, 5.802750526947329e-11, 6.07772200182973e-11, 6.067244196192503e-11, 5.909935098510627e-11, 6.45168983374953e-11, 5.833482272629814e-11, 5.5573475170436285e-11, 5.566701887762816e-11, 7.009971653447038e-11, 7.096931273070592e-11, 5.1257727529931365e-11, 5.500172336982387e-11, 6.434356803285545e-11, 6.87831157906075e-11]
[5.238243923087488e-11, 5.015770936276866e-11, 4.305452593183293e-11, 4.939247720950521e-11, 4.0845244439854985e-11, 6.909863155507278e-11, 5.690189564305582e-11, 7.073112633995296e-11, 5.651537072389259e-11, 4.799569003873417e-11, 4.789447787302065e-11, 5.468587286402727e-11, 5.489658519397086e-11, 7.088596721969865e-11, 5.907027703958051e-11, 5.849005475680866e-11]
[6.379324156778923e-11, 5.963132504078291e-11, 5.200821574520341e-11, 5.274925752427583e-11, 5.98885607146744e-11, 6.486792344395073e-11, 4.9009849567029244e-11, 4.2746902092908205e-11, 6.84314904245452e-11, 6.45326104690636e-11, 5.3658907429103705e-11, 5.0332482791555495e-11, 7.34519011206043e-11, 6.81826431970363e-11, 6.370741413951714e-11, 6.354312089533713e-11]
[6.575074076713558e-11, 6.075210775320747e-11, 5.8075666538934626e-11, 5.507567562407377e-11, 6.549104128734724e-11, 5.909287297485515e-11, 6.670135648445875e-11, 6.386700497361208e-11, 6.440646066487747e-11, 6.810809833462549e-11, 6.576623524518585e-11, 6.604819482687397e-11, 6.85466182740532e-11, 7.14880179235986e-11, 7.050910703633333e-11, 6.1936687277636e-11]
[5.958395001910576e-11, 5.695169920884578e-11, 5.4694245519004764e-11, 5.859844259608392e-11, 6.111176050887882e-11, 5.913281208563144e-11, 5.471781362643118e-11, 5.684299949914133e-11, 7.012405892268943e-11, 6.926767160266373e-11, 7.126366559930724e-11, 6.744841161163692e-11, 7.027658208160806e-11, 6.620384753549057e-11, 4.4764659929959804e-11, 5.0710745299655847e-11]
[4.629117647542255e-11, 5.877737494037715e-11, 5.686609677106919e-11, 4.52849434826794e-11, 6.077481140532595e-11, 6.077072451680387e-11, 5.084859952709645e-11, 5.077942031204742e-11, 6.626425224408407e-11, 4.618594463095817e-11, 5.3058752181735554e-11, 6.416894987433615e-11, 6.707473601823416e-11, 4.70585293711875e-11, 5.846546638653237e-11, 6.244942124290662e-11]
[4.1141574354135094e-11, 5.3132759957361365e-11, 4.596747452032406e-11, 5.071952948252978e-11, 4.4895999181445006e-11, 5.344138069039171e-11, 6.567443641563668e-11, 5.984166410787445e-11, 5.938923342569307e-11, 4.796305706214389e-11, 6.758076302042763e-11, 6.782319858616278e-11, 6.615293281030633e-11, 7.162808250357142e-11, 6.043280871737751e-11, 6.895521436416345e-11]
[6.034762579891441e-11, 5.5212925192657665e-11, 4.5210758127709975e-11, 6.385062080216905e-11, 5.645699076919503e-11, 5.378464217078805e-11, 5.101948738655026e-11, 4.852957719370984e-11, 4.6851314079066906e-11, 6.35245517200562e-11, 5.2801029886991646e-11, 7.287922239493391e-11, 7.109419427703206e-11, 6.264840957022153e-11, 6.362182343691917e-11, 6.054254254596492e-11]
[6.498721104205495e-11, 5.761946067876046e-11, 5.63540111564395e-11, 6.121760805121217e-11, 6.641089130748826e-11, 5.570784170765676e-11, 4.2370378387523806e-11, 4.996379211052233e-11, 4.666222924090258e-11, 5.33131595884064e-11, 3.832781717718504e-11, 4.701192454787971e-11, 4.901868915321441e-11, 5.7699905543236717e-11, 6.023298725228757e-11, 7.273411743972131e-11]
[6.362627636596674e-11, 6.049274853576699e-11, 5.786358578094164e-11, 5.2264014483226906e-11, 5.875268432585917e-11, 4.522488556792095e-11, 5.897405953218355e-11, 6.681428313763101e-11, 6.543262508599351e-11, 4.905664694664093e-11, 5.13346598277698e-11, 7.089047057827525e-11, 5.283160633023908e-11, 4.9363440622506e-11, 5.375807222775025e-11, 5.2061506950847975e-11]
[5.633575916209734e-11, 4.8422732513824337e-11, 5.257977710297768e-11, 5.7068354353761576e-11, 4.6157997181282557e-11, 4.7004785137514016e-11, 4.462423378079516e-11, 4.7457324694030974e-11, 5.092111093368905e-11, 4.926708500694323e-11, 6.43355069493877e-11, 6.192758302412465e-11, 7.018190768595403e-11, 7.240420427549367e-11, 5.704684727267255e-11, 5.894362969056032e-11]
[4.9614022451596863e-11, 5.447555037675809e-11, 5.4659208176090245e-11, 5.4684394918687354e-11, 5.835642588495794e-11, 5.7827112703366844e-11, 5.4421491873004e-11, 7.103994839292795e-11, 5.912202053463198e-11, 5.6380872637269446e-11, 5.7999000059614995e-11, 6.938259717319415e-11, 6.836053274348966e-11, 7.067962294578642e-11, 6.075976189631024e-11, 6.270480333803029e-11]
[5.5936369598522824e-11, 4.8349474399012405e-11, 5.1640432704049e-11, 5.314724554263177e-11, 5.327162180857989e-11, 5.393740699087766e-11, 5.38478924564115e-11, 6.709942855514629e-11, 6.01755890128955e-11, 6.856379129492905e-11, 7.061333098083028e-11, 6.776032926177199e-11, 6.876328710600218e-11, 7.112348695740542e-11, 5.920285880524679e-11, 5.884521080739343e-11]
[5.796286756489313e-11, 6.997005492373038e-11, 6.283600987326561e-11, 5.506014220394218e-11, 6.770825258633733e-11, 5.628163428061479e-11, 5.5355713006247305e-11, 5.759857495312539e-11, 5.2493109228038265e-11, 5.864922578472328e-11, 5.643356427628393e-11, 5.748728475761592e-11, 5.887295272009939e-11, 5.6618029030388483e-11, 6.360881930451937e-11, 5.945792202720466e-11]
[5.628628219765115e-11, 5.752457010592731e-11, 5.404717562273696e-11, 5.308425628928672e-11, 5.266798513384314e-11, 5.3573955430923596e-11, 5.952205061762253e-11, 5.395198888543071e-11, 5.26478689213355e-11, 5.155670956028364e-11, 7.098294247228014e-11, 5.465025585303266e-11, 7.41509551004088e-11, 7.152104032184257e-11, 4.8202076657192737e-11, 4.90038631223173e-11]
[6.517530644581251e-11, 6.425288689647034e-11, 6.347236357285141e-11, 6.247286833086572e-11, 5.628238866993305e-11, 7.217492827182685e-11, 6.750332160851887e-11, 6.563061832068482e-11, 6.105158732942433e-11, 7.288809966696218e-11, 6.888567404323893e-11, 6.854185747244813e-11, 6.994232497020601e-11, 7.089441568083129e-11, 6.57436452780173e-11, 6.427930615478493e-11]
[7.13698252425486e-11, 6.488260679493143e-11, 5.531088656767618e-11, 5.1593869535292534e-11, 5.576677480278032e-11, 6.605923304372179e-11, 6.794042866247272e-11, 5.55662744158203e-11, 4.8297824967176583e-11, 6.751654008805834e-11, 6.738819929821335e-11, 6.584075705840413e-11, 6.904227239403982e-11, 6.629022962144512e-11, 6.233422027824044e-11, 5.951983589026923e-11]
[6.589978640848179e-11, 6.509577367874904e-11, 6.277239314689931e-11, 5.451555623733191e-11, 6.57751952626705e-11, 6.354414760923738e-11, 6.304090759791951e-11, 5.450772175399484e-11, 6.128994760944751e-11, 4.959349873361085e-11, 4.82877661679924e-11, 5.3759040865221833e-11, 5.867705931683173e-11, 5.602863279105947e-11, 7.293312276389771e-11, 6.612673854063638e-11]
[4.1879943855728303e-11, 4.263195477044308e-11, 4.070407871311563e-11, 4.991233615821737e-11, 4.384900428471182e-11, 5.128328758453453e-11, 4.8250916130383e-11, 4.4228521499237755e-11, 5.4907737133717824e-11, 5.303661559264061e-11, 5.027723110070392e-11, 5.428446687942306e-11, 5.4623317431312505e-11, 4.911828000291521e-11, 5.523851758851093e-11, 5.074771398522696e-11]
[4.917491143456335e-11, 5.2852509733808754e-11, 5.0420604700963344e-11, 6.622240625418641e-11, 5.146210648296128e-11, 5.04264874081049e-11, 7.102857368127133e-11, 7.006721101191322e-11, 5.988394513078904e-11, 5.8204434658553735e-11, 7.106759657579889e-11, 6.491166858113008e-11, 6.922897252054227e-11, 6.927819129327936e-11, 4.769764927680439e-11, 6.332646774163154e-11]
[6.10383278033786e-11, 5.444147239378339e-11, 4.4969540112674226e-11, 4.722953286065055e-11, 4.287806448918738e-11, 4.80838972830906e-11, 4.563824825923199e-11, 4.987410506625743e-11, 4.895686466117036e-11, 7.137191948282919e-11, 6.316331873697815e-11, 6.612599562340368e-11, 6.898345991786489e-11, 6.739906261177591e-11, 6.18574207632756e-11, 4.999903449659773e-11]
[6.467075959234068e-11, 4.7080253220068065e-11, 6.077022716352832e-11, 5.459690534726945e-11, 5.373174927787132e-11, 6.403518791472607e-11, 5.542410010946848e-11, 5.152283049804422e-11, 5.825234401784433e-11, 7.196041847128858e-11, 6.278024498087248e-11, 7.482950126304688e-11, 6.926808429221291e-11, 7.013058747815236e-11, 6.659449717043585e-11, 5.318374472021139e-11]
[5.165863024648409e-11, 5.688753354949793e-11, 6.169851888683794e-11, 6.142436788482815e-11, 5.901780651109076e-11, 5.522717569416752e-11, 5.7320763498988055e-11, 5.8167009383472534e-11, 5.725170914445333e-11, 6.261723509543259e-11, 6.997981726639117e-11, 6.991523532936318e-11, 7.045069153802171e-11, 7.310004043685919e-11, 6.237016386099933e-11, 6.524757839958962e-11]
[5.684955724674863e-11, 6.614008451647418e-11, 7.121727294128302e-11, 6.454699081255163e-11, 6.419253103460177e-11, 5.234972329677893e-11, 4.815677179799201e-11, 5.6630382575752335e-11, 5.3368931065280534e-11, 7.13251623828237e-11, 7.022700460374035e-11, 5.4484984930687775e-11, 6.906812943509739e-11, 6.877344051489272e-11, 5.517122990250059e-11, 5.4784395607786084e-11]
[6.313718954800431e-11, 6.072021448692942e-11, 5.854485775203004e-11, 5.7478426193886425e-11, 5.3105150346866095e-11, 6.746123781446703e-11, 5.626446052058028e-11, 5.345681250719656e-11, 5.759810992225816e-11, 6.396688419755858e-11, 6.01532502302266e-11, 5.993257022409546e-11, 6.175252627638708e-11, 6.308125806531357e-11, 6.172392525052702e-11, 5.637011596588489e-11]
[5.892560469703884e-11, 4.616850939727601e-11, 4.7768366883633014e-11, 4.3176172612391567e-11, 5.869807516913005e-11, 5.059822976444088e-11, 4.340391024497753e-11, 5.264337395312333e-11, 6.949092237276775e-11, 7.106813326478838e-11, 6.626126424631672e-11, 6.180874916070274e-11, 7.206560818625608e-11, 7.075259387192841e-11, 5.230578730438871e-11, 5.663924686422005e-11]
[4.198187041870957e-11, 6.324028669320902e-11, 6.182284935199313e-11, 4.09280577528556e-11, 4.850045748143301e-11, 4.6938437436269826e-11, 6.555238149356831e-11, 4.474440599954087e-11, 6.620401419545349e-11, 5.950665937041496e-11, 4.584031797385356e-11, 6.562463253240433e-11, 5.5909380292452214e-11, 5.895764800789085e-11, 5.45069559261978e-11, 6.570679859509418e-11]
[6.509430855240136e-11, 4.779877528645664e-11, 5.871454946093623e-11, 5.8142170343191334e-11, 4.447483119969902e-11, 6.399423012036515e-11, 6.512463410422647e-11, 4.938009211663608e-11, 4.636996876411916e-11, 4.898463043056171e-11, 4.865016659646399e-11, 7.059375175574584e-11, 4.483145250680598e-11, 4.65700065213931e-11, 6.513494597575553e-11, 5.937939384098286e-11]
[5.85914734516051e-11, 6.650799572362221e-11, 6.762190638722527e-11, 5.6221541432857286e-11, 5.3410710389557183e-11, 5.530019034920853e-11, 5.3069770544537134e-11, 6.604044098343502e-11, 6.863771114350327e-11, 6.516479544998604e-11, 6.308289983825068e-11, 5.793324651255029e-11, 6.443452355479222e-11, 6.879378740890192e-11, 5.999572855769543e-11, 4.792076240991903e-11]
[5.790617864611268e-11, 6.139667406651065e-11, 6.051671445049421e-11, 5.743510672715142e-11, 5.860659920122914e-11, 6.066647942770149e-11, 6.114137153502867e-11, 5.938100835666436e-11, 6.65223783323712e-11, 6.794490416259356e-11, 6.124787996446899e-11, 5.7250539579693314e-11, 5.898211818986851e-11, 6.714703505829854e-11, 6.696047952358287e-11, 7.472739275584612e-11]
[4.6419285481608244e-11, 5.881338807410871e-11, 6.897732695890213e-11, 4.9032419412540586e-11, 5.3207245653218205e-11, 4.4511072602880245e-11, 4.804346915558271e-11, 5.838929629533376e-11, 6.567112410979473e-11, 6.088083434618367e-11, 5.7252612009989154e-11, 5.2628298037181823e-11, 5.351645793308059e-11, 5.8103031205945325e-11, 5.50028259708012e-11, 6.362998080181067e-11]
[5.285740939310946e-11, 4.986173964019879e-11, 5.170097967158762e-11, 6.493388695638616e-11, 5.2116322027429774e-11, 6.320069098952196e-11, 6.57448861999099e-11, 6.575901073580746e-11, 6.562406213835227e-11, 6.192299646315995e-11, 6.611709529812114e-11, 6.723126274713122e-11, 6.864797968497583e-11, 6.735513837959696e-11, 5.163059947442912e-11, 6.555923890161636e-11]
[4.6595207127847056e-11, 5.575615288751054e-11, 5.2544294718111534e-11, 6.523579865949911e-11, 5.239592729728014e-11, 5.346726505212842e-11, 5.2299104021232624e-11, 5.6331849764148185e-11, 6.86451868691323e-11, 7.012578562516111e-11, 6.221789540390334e-11, 5.2217038228495776e-11, 6.938828953764364e-11, 6.824229562099632e-11, 5.835531645420024e-11, 4.406608913182879e-11]
[6.635884592392846e-11, 6.147421599765521e-11, 5.318820901617119e-11, 5.197209213684429e-11, 6.643338492992114e-11, 6.904801403586433e-11, 5.081783638104605e-11, 6.700843470006404e-11, 5.780698515568854e-11, 5.561920890361732e-11, 5.115504977086646e-11, 5.113153061552591e-11, 4.816360924543352e-11, 5.201811207658674e-11, 7.242193293531219e-11, 6.024831952439091e-11]
[5.102707880685369e-11, 5.72342305363015e-11, 4.939263417732777e-11, 5.06065524645272e-11, 4.790438390895898e-11, 5.404687248153863e-11, 5.37698505380947e-11, 6.176057130855958e-11, 5.503944256954697e-11, 5.554408101791179e-11, 5.872143275568384e-11, 5.384296277939074e-11, 5.142378030832397e-11, 6.997536402367147e-11, 4.662870408029473e-11, 6.354485499062784e-11]
[5.4089408995249436e-11, 5.443603608454846e-11, 6.974979994471372e-11, 5.6444189460536175e-11, 5.7961597955283906e-11, 5.888322521598508e-11, 5.7133902179085266e-11, 5.993763865873291e-11, 6.21749697617353e-11, 5.673356355718925e-11, 5.348775247837592e-11, 5.179511404561769e-11, 4.700926714344448e-11, 4.7905580637081706e-11, 6.11634390317983e-11, 6.461499571587291e-11]
[5.012079650658527e-11, 6.660464662800284e-11, 6.72343365753503e-11, 4.927709735615541e-11, 5.4121879711516886e-11, 5.564157953123295e-11, 6.47206166409338e-11, 6.592701937389139e-11, 6.530334041946506e-11, 6.826976933789046e-11, 7.023869059596852e-11, 6.639860568344056e-11, 6.866283602649706e-11, 6.324291282110879e-11, 5.476913926940901e-11, 6.87399470645056e-11]
[6.143915372855674e-11, 5.788476135521806e-11, 5.060589628052906e-11, 5.107617246540104e-11, 5.0493458957483025e-11, 5.05074935790191e-11, 4.80494362676076e-11, 5.318168437564922e-11, 5.91734065233108e-11, 6.091501632013649e-11, 5.278459439042431e-11, 6.960715965478971e-11, 5.541347660432234e-11, 7.043878602123003e-11, 5.63963963885157e-11, 6.369804138456554e-11]
[5.577055598967853e-11, 4.664713262798973e-11, 4.7025701285577985e-11, 4.5761900255696446e-11, 6.453973736899315e-11, 6.346442733266416e-11, 6.796011370567306e-11, 5.518927514066769e-11, 4.6174758988043597e-11, 4.9738488245821464e-11, 6.818939581062923e-11, 6.783081208394775e-11, 6.530563236703718e-11, 5.372553581231867e-11, 6.878590491916323e-11, 6.343352548848118e-11]
[4.7605088737235725e-11, 5.1287734666884366e-11, 6.427044287390552e-11, 4.471988758120156e-11, 4.810564573625467e-11, 5.387210495395007e-11, 5.026243426605483e-11, 5.937098772149328e-11, 6.512711452476081e-11, 5.907024345114816e-11, 4.961271471214268e-11, 4.898997769967184e-11, 5.722696893476836e-11, 5.872204759069499e-11, 4.6414759317354426e-11, 6.4795890747796e-11]
[4.272488268467012e-11, 4.315820417273836e-11, 4.1716086034187635e-11, 4.399170748262198e-11, 4.4872836864734714e-11, 5.0709003749527964e-11, 4.899398162028029e-11, 5.511745282906467e-11, 6.20740985347705e-11, 5.459086135783746e-11, 6.430247756861797e-11, 5.95255398054725e-11, 7.122258739270442e-11, 7.14520297334404e-11, 4.63569638519e-11, 5.2802720836631895e-11]
[6.865714395204916e-11, 5.564312034491905e-11, 5.0038230883812953e-11, 4.568732511410839e-11, 5.681041202631476e-11, 4.79708805777003e-11, 6.879120024784999e-11, 5.8014677008916083e-11, 6.491221895000905e-11, 4.377121974334914e-11, 6.837765702859786e-11, 6.405931067670529e-11, 6.984649769039681e-11, 6.636316429456868e-11, 5.998383598791534e-11, 5.940318458483653e-11]
[5.041448175925571e-11, 4.076753520116633e-11, 4.300798892440036e-11, 4.606898895499112e-11, 4.494928641737649e-11, 4.370681013518672e-11, 5.1835886357951394e-11, 5.3395017444065014e-11, 5.666886873204893e-11, 6.458678494424328e-11, 5.6513614588982225e-11, 5.7586641766086304e-11, 6.219425515813046e-11, 6.169484536290122e-11, 4.877944429267172e-11, 5.7646656913024956e-11]
[5.753227615844139e-11, 5.4279237742220114e-11, 5.7097952022221776e-11, 5.584058009678241e-11, 5.8132042405899026e-11, 6.668942349273092e-11, 6.546213657825361e-11, 6.361025003851441e-11, 4.50475353250029e-11, 4.481839447941668e-11, 5.25385604027964e-11, 7.152069532653096e-11, 5.432228537800001e-11, 5.155334177986812e-11, 6.500574269905832e-11, 6.249041821443285e-11]
[5.7603610634686756e-11, 6.527033401436524e-11, 6.631758829271035e-11, 4.9911402438551e-11, 4.630222276346981e-11, 5.2394060726122126e-11, 5.0746483454059095e-11, 5.7719761379654136e-11, 6.505802563830962e-11, 6.145693840334258e-11, 6.705440980493266e-11, 5.898440354063158e-11, 6.395420670039376e-11, 6.85611195389402e-11, 6.331636306156741e-11, 6.055346407536643e-11]
[6.767313176206218e-11, 5.0465199754179153e-11, 5.014938026778606e-11, 5.481625535245378e-11, 5.583046766129356e-11, 5.922477724121545e-11, 6.511682756266071e-11, 6.696975475406713e-11, 5.308048219868623e-11, 6.913925486266033e-11, 6.615885309156039e-11, 6.396899345748933e-11, 7.142030412598242e-11, 6.720638564989671e-11, 6.328996788045695e-11, 5.933473118157188e-11]
[3.92682758749787e-11, 4.26709647603091e-11, 5.282397717399995e-11, 4.4646730729708895e-11, 4.8290185221968055e-11, 4.5834688824085836e-11, 4.3868319206957544e-11, 4.672268200088502e-11, 6.134189824271979e-11, 6.056961510333446e-11, 5.367881595866564e-11, 6.255932837523171e-11, 6.343743119848247e-11, 7.106732937388818e-11, 5.042118876038703e-11, 6.039125002368577e-11]
[4.560738440609998e-11, 4.582257244984071e-11, 6.450832407873912e-11, 4.7924666080790136e-11, 4.457917318128171e-11, 6.391991139804655e-11, 4.189930568084059e-11, 4.878450184430464e-11, 4.997544983024685e-11, 4.912278654286688e-11, 4.504916615486883e-11, 4.582842858980294e-11, 6.499535445101572e-11, 7.154350951149249e-11, 5.4462212498509317e-11, 7.073942543649692e-11]
[4.2935027920772e-11, 4.8976385151445586e-11, 6.490186443751854e-11, 5.383532240765586e-11, 4.9289434945093756e-11, 5.824310263746113e-11, 5.2312579773675295e-11, 6.060604965423174e-11, 5.899325515544936e-11, 6.196713831285707e-11, 6.664582574754107e-11, 6.892151827148787e-11, 6.682157942631132e-11, 7.247336550856997e-11, 4.632983494464158e-11, 6.557531218337754e-11]
[6.263768552127661e-11, 4.590787055204618e-11, 5.718800149326901e-11, 4.285984112684907e-11, 5.338854316186473e-11, 5.6840771291475125e-11, 5.459438793081996e-11, 4.533236915230034e-11, 5.844403697351322e-11, 6.021956225113368e-11, 6.20809913175221e-11, 4.541015594320311e-11, 5.087523835011482e-11, 5.204124654568664e-11, 7.03629636804092e-11, 7.001090243075277e-11]
[6.875178320682872e-11, 6.266841143447476e-11, 6.692480419698352e-11, 6.152286137351677e-11, 6.06193551070586e-11, 6.869979518342661e-11, 6.842710122335513e-11, 7.01962717183433e-11, 6.965268400635172e-11, 7.206772981053129e-11, 6.867123199266532e-11, 6.858353708815746e-11, 6.75290035592089e-11, 7.083675784088853e-11, 5.827063479904328e-11, 6.621929761294385e-11]
[5.10364266564672e-11, 5.326433527339172e-11, 5.17053661885909e-11, 6.301720855789698e-11, 5.2882688123440476e-11, 6.476048360839151e-11, 5.758998734966244e-11, 5.3328829902742296e-11, 6.381012598428441e-11, 6.356511308220013e-11, 6.83238755068261e-11, 6.816247148933364e-11, 6.687927708532296e-11, 6.890969267722898e-11, 5.884384055785379e-11, 6.3781782737825e-11]
